0.20                233.0                13.32   
0.38                268.92                4.67   
0.66                250.75                11.35 
1.61                217.83                5.81   
2.57                219.58                1.48   
3.59                223.11                2.43   
4.51                247.88                2.99   
5.53                253.14                1.69   
6.50                270.95                2.19   
7.56                267.80                0.96   
8.34                270.52                0.66   
9.45                235.58                8.44   
10.50                249.72                13.4
11.44                261.96                11.7
12.51                284.30                17.5
13.53                271.54                15.5
14.59                251.43                25.6
16.05                320.70                25.2
18.64                286.46                101.
26.30                189.64                6.74 
28.26                237.99                11.5
29.51                209.82                9.16 
32.04                179.14                6.65 
33.99                170.37                6.93 
36.49                175.92                6.62 
