#DataThief C:\Users\JB\Documents\grav_project\NGC5533_Bulge\NGC5533\NGC5533-gas.png Tuesday 30-Jul-2019 7:17:04 PM   
0.2121   0.7275
0.4714   1.4673
0.7307   2.2072
0.9665   2.2686
1.2257   3.6806
1.4849   4.4205
1.7208   4.4819
1.98   5.8939
2.2158   5.9554
2.4751   6.6952
2.7345   6.7628
2.9702   7.4964
3.2295   8.2363
3.4654   8.2977
3.7246   9.0375
3.9839   9.7772
4.2198   9.8388
4.4791   10.5786
4.7147   11.3122
4.974   12.0521
5.2335   12.1196
5.4693   12.1811
5.7286   12.9209
5.9643   13.6545
6.2237   13.7221
6.483   14.462
6.7187   15.1956
6.978   15.9354
7.2138   15.9969
7.4731   16.7367
7.7324   17.4765
7.9681   18.2102
8.2274   18.95
8.4632   19.0114
8.7225   19.7511
8.9818   20.491
9.2175   21.2247
9.4769   21.2923
9.7127   22.026
9.9721   22.0936
10.2314   22.8334
10.4671   23.5671
10.7265   23.6346
10.9622   24.3683
11.2216   24.4359
11.4809   25.1757
11.7166   25.9094
11.9759   26.6492
12.2353   26.7168
12.4712   26.7782
12.7306   26.8458
12.9663   27.5795
13.2257   27.647
13.4849   28.3868
13.7208   28.4483
13.9801   29.1881
14.2159   29.2495
14.4752   29.9893
14.7347   30.0569
14.9705   30.1184
15.2299   30.1859
15.4658   30.2474
15.725   30.9872
15.9843   31.7269
16.2202   31.7884
16.4796   31.8559
16.7153   32.5897
16.9747   32.6573
17.2341   32.7248
17.47   32.7863
17.7294   32.8538
17.9649   34.2598
18.2244   34.3274
18.4838   34.3949
18.7195   35.1286
18.9788   35.1962
19.2146   35.9299
19.4741   35.9973
19.7332   36.7372
19.9693   36.1265
