0.0628930817	28.75
0.157232704	33.25
0.220125786	37
0.314465408	43
0.471698113	49
0.597484276	55
0.691823899	59.5
0.72327044	61
0.786163522	61.75
1.037735849	64.75
1.100628931	65.5
1.41509434	67
1.666666667	67.75
1.761006289	67.75
1.886792453	67.75
2.169811321	68.5
2.264150943	69.25
2.578616352	72.25
2.735849057	74.5
2.955974843	77.5
3.050314465	79
3.301886792	82.75
3.58490566	87.25
3.805031447	91
4.025157233	94
4.182389937	96.25
4.465408805	99.25
4.685534591	101.5
4.842767296	103
5.062893082	105.25
5.220125786	106.75
5.503144654	109.75
5.72327044	112
5.974842767	115
6.037735849	115.75
6.226415094	118
6.289308176	118.75
6.352201258	119.5
6.635220126	122.5
6.918238994	124.75
7.044025157	125.5
7.358490566	128.5
7.48427673	130
7.735849057	133
8.050314465	136
8.301886792	137.5
8.58490566	139
8.867924528	139.75
9.119496855	141.25
9.339622642	143.5
9.559748428	145.75
9.874213836	147.25
10.12578616	148
10.34591195	148.75
10.56603774	149.5
10.75471698	150.25
10.97484277	151
11.19496855	151.75
11.41509434	152.5
11.57232704	153.25
11.76100629	154
12.04402516	154.75
12.13836478	154.75
12.42138365	155.5
12.73584906	156.25
13.05031447	157
13.30188679	157.75
13.36477987	157.75
13.4591195	157.75
13.74213836	158.5
13.80503145	158.5
13.89937107	158.5
13.99371069	158.5
14.27672956	159.25
14.40251572	159.25
14.49685535	159.25
14.55974843	159.25
14.65408805	159.25
14.74842767	159.25
15.06289308	160
15.31446541	160
15.62893082	159.25
15.91194969	159.25
16.22641509	159.25
16.5408805	159.25
16.88679245	159.25
17.20125786	160
17.26415094	160
17.35849057	160
17.45283019	160
17.51572327	160
17.61006289	160
17.70440252	160
17.79874214	160
17.89308176	160
17.95597484	160
18.27044025	159.25
18.36477987	159.25
18.4591195	159.25
18.55345912	159.25
18.67924528	159.25
18.77358491	159.25
18.89937107	159.25
18.99371069	159.25
19.08805031	159.25
19.18238994	159.25
19.52830189	159.25
      20.2		 159
        22		 158
      22.3		 158
      22.8		 158
      24.4		 157
      26.1		 157
      27.5		 156
      28.5		 155
      29.6		 154
      30.6		 154
      31.8		 153
      33.5		 152
      34.7		 150
      35.4		 150
      36.1		 149
      36.8		 148
      38.2		 147
      39.6		 145
      40.8		 143
        42		 142
      43.4		 141
      43.9		 140
      44.4		 139
      44.9		 139
      45.5		 138
      46.8		 137
      48.6		 134
        50		 132
      51.7		 131
      53.4		 129
      53.9		 128
      55.3		 127
      56.7		 126
      58.3		 124
      59.1		 123
      60.5		 122
      62.1		 121
      62.9		 120
      63.8		 119
        65		 119
      66.5		 117
      67.4		 117
      68.6		 116
      69.7		 115
      70.9		 114
      71.7		 114
      73.5		 112
      74.3		 112
      75.5		 111
      76.7		 110
      78.3		 110
      79.5		 109
      80.7		 108
      82.4		 107
      83.6		 106
        85		 106
      86.6		 105
      88.1		 104
      89.9		 103
      91.6		 103
        93		 102
      94.4		 101
      94.5		 101
      96.3		 101
      96.8		 101
      98.2		 100
      99.5		99.3
       101		98.6
       102		98.6
       103		97.9
       104		97.9
       104		97.9
       106		97.2
       107		96.6
       108		96.6
       109		95.9
       110		95.9
       112		95.2
       112		95.2
       113		95.2
       113		95.2
       115		94.5
       116		93.8
       117		93.8
       119		93.1