# Distance = 17.1 Mpc
# Rad	Vobs	errV	Vgas	Vdisk	Vbul	SBdisk	SBbul		
# kpc	km/s	km/s	km/s	km/s	km/s	L/pc^2	L/pc^2
0.62	29.90	1.42	1.81	21.80	0.00	93.29	0.00
0.87	34.40	2.31	2.95	28.35	0.00	79.29	0.00
1.12	46.30	2.05	4.13	31.91	0.00	60.27	0.00
1.37	49.80	1.87	5.34	34.28	0.00	48.30	0.00
1.62	57.60	2.76	6.60	35.59	0.00	40.48	0.00
2.30	71.30	7.50	10.14	39.66	0.00	30.93	0.00
4.97	76.65	1.09	23.98	41.54	0.00	5.25	0.00
7.45	81.00	0.63	33.08	37.03	0.00	1.18	0.00
9.98	83.85	1.04	33.72	31.94	0.00	0.00	0.00
