# Distance = 12.5 Mpc
# Rad	Vobs	errV	Vgas	Vdisk	Vbul	SBdisk	SBbul		
# kpc	km/s	km/s	km/s	km/s	km/s	L/pc^2	L/pc^2
0.91	26.00	4.10	-3.26	30.14	0.00	60.69	0.00
1.82	45.10	3.02	5.75	35.45	0.00	25.56	0.00
2.73	57.00	2.97	15.79	36.37	0.00	15.15	0.00
3.63	62.00	2.85	22.36	38.25	0.00	9.97	0.00
4.55	66.90	2.75	25.59	37.10	0.00	5.38	0.00
5.45	70.60	2.86	27.95	35.74	0.00	3.28	0.00
6.37	72.80	2.66	28.63	34.29	0.00	2.46	0.00
7.28	73.30	2.66	31.18	33.63	0.00	1.53	0.00
8.18	74.30	2.67	32.26	33.14	0.00	0.00	0.00
