1.5       10.7        3.6
4.5       22.9        3.0
7.5        8.9        2.4
10.5       15.3        3.1
13.5       33.7        1.9
16.5       34.2        1.9
19.5       34.7        1.4
22.5       41.2        1.9
25.5       47.0        1.6
28.5       53.3        2.0
31.5       59.4        2.2
34.5       66.5        1.9
37.5       61.5        2.0
40.5       82.2        2.6
43.5       83.0        4.3
46.5       88.1        6.4
49.5       98.2        4.3
52.5      110.7       23.6
55.5      104.9        3.2
58.5       83.1       17.9