5.0        2.5        2.2
	         7.0       11.2        2.8
	         9.0        7.9        3.1
	        13.0       15.6        1.2
	        15.0       12.9        3.3
	        17.0        8.8        2.3
	        23.0        9.6        1.8
	        25.0       12.1        4.8
	        27.0        8.9        1.3
	        29.0        7.0        3.5
	        31.0       14.1        5.0
	        33.0       18.3        1.4
	        35.0       16.2        4.0
	        37.0       14.1        4.5
	        39.0       12.1        2.9
	        41.0       20.4        2.3
	        43.0       19.3        1.8
	        45.0       24.3        2.1
	        47.0       25.4        5.8
	        49.0       17.8        6.3
	        51.5       33.5        3.7
	        54.5       30.1        2.7
	        60.5       26.5        1.2
	        63.5       33.6        3.1
	        66.5       45.8        1.9
	        69.5       37.8        5.5