#DataThief C:\Stuff\Judit\Dark Matter Research\Datathief\nord-120kpc-gas.png Thursday 26-Dec-2019 5:12:15 PM
0.0217000	0.0000
0.0392000	0.0000
0.0566000	0.0000
0.0740000	0.0000
0.0914000	0.0000
0.1089000	0.0000
0.1263000	0.0000
0.1437000	0.0000
0.1611000	0.0000
0.1785000	0.0000
0.1960000	0.0000
0.2134000	0.0000
0.2308000	0.0000
0.2482000	0.0000
0.2657000	0.0000
0.2831000	0.0000
0.3005000	0.0000
0.3179000	0.0000
0.3354000	0.0000
0.3528000	0.0000
0.3702000	0.0000
0.3876000	0.0000
0.4051000	0.0050
0.4224000	0.0052
0.4399000	0.0054
0.4573000	0.0056
0.4747000	0.4993
0.4922000	0.4996
0.5096000	0.4998
0.5270000	0.5000
0.5444000	0.5002
0.5619000	0.9939
0.5793000	0.9941
0.5967000	0.9943
0.6141000	0.9946
0.6315000	0.9948
0.6490000	0.9950
0.6663000	0.9952
0.6838000	1.4889
0.7012000	1.4891
0.7187000	1.4893
0.7361000	1.4895
0.7534000	1.4898
0.7709000	1.4900
0.7884000	1.9837
0.8058000	1.9839
0.8232000	1.9841
0.8406000	1.9843
0.8580000	1.9845
0.8755000	1.9848
0.8929000	1.9849
0.9102000	1.9851
0.9277000	2.4788
0.9452000	2.4791
0.9626000	2.4793
0.9800000	2.4795
0.9973000	2.4797
1.0148000	2.4800
1.0323000	2.4802
1.0497000	2.4804
1.0671000	2.4806
1.0845000	2.9743
1.1020000	2.9745
1.1194000	2.9747
1.1368000	2.9750
1.1542000	2.9752
1.1716000	2.9754
1.1891000	2.9756
1.2065000	2.9758
1.2239000	2.9760
1.2413000	2.9762
1.2588000	3.4700
1.2762000	3.4702
1.2936000	3.4704
1.3110000	3.4706
1.3284000	3.4708
1.3458000	3.4710
1.3633000	3.4712
1.3807000	3.4715
1.3981000	3.4717
1.4155000	3.4719
1.4330000	3.4721
1.4504000	3.9658
1.4678000	3.9660
1.4852000	3.9662
1.5027000	3.9664
1.5201000	3.9667
1.5375000	3.9668
1.5549000	3.9670
1.5723000	3.9673
1.5897000	3.9675
1.6072000	3.9677
1.6246000	3.9680
1.6420000	4.4617
1.6595000	4.4619
1.6768000	4.4621
1.6943000	4.4623
1.7117000	4.4625
1.7290000	4.4627
1.7466000	4.4628
1.7640000	4.4632
1.7814000	4.4634
1.7988000	4.4636
1.8163000	4.4638
1.8336000	4.4640
1.8511000	4.4642
1.8685000	4.9579
1.8859000	4.9582
1.9034000	4.9584
1.9207000	4.9586
1.9382000	4.9588
1.9556000	4.9590
1.9731000	4.9592
1.9905000	4.9594
2.0079000	4.9597
2.0253000	4.9599
2.0427000	4.9601
2.0602000	4.9603
2.0776000	5.4540
2.0950000	5.4542
2.1124000	5.4544
2.1299000	5.4546
2.1473000	5.4549
2.1647000	5.4551
2.1821000	5.4553
2.1995000	5.4555
2.2170000	5.4557
2.2344000	5.4559
2.2518000	5.4562
2.2692000	5.4564
2.2867000	5.4566
2.3041000	5.4567
2.3215000	5.9505
2.3389000	5.9506
2.3563000	5.9508
2.3738000	5.9510
2.3912000	5.9514
2.4086000	5.9516
2.4260000	5.9518
2.4435000	5.9520
2.4609000	5.9522
2.4783000	5.9524
2.4957000	5.9527
2.5131000	5.9529
2.5306000	5.9531
2.5480000	5.9533
2.5654000	6.4470
2.5828000	6.4472
2.6002000	6.4474
2.6177000	6.4476
2.6351000	6.4479
2.6524000	6.4481
2.6699000	6.4483
2.6874000	6.4485
2.7048000	6.4487
2.7222000	6.4489
2.7396000	6.4492
2.7570000	6.4494
2.7745000	6.4496
2.7919000	6.4498
2.8093000	6.9435
2.8267000	6.9437
2.8441000	6.9439
2.8616000	6.9441
2.8790000	6.9444
2.8963000	6.9445
2.9138000	6.9447
2.9313000	6.9449
2.9487000	6.9452
2.9661000	6.9454
2.9835000	6.9457
3.0010000	6.9459
3.0184000	6.9461
3.0358000	6.9463
3.0532000	6.9465
3.0706000	6.9466
3.0881000	6.9468
3.1055000	6.9472
3.1229000	7.4409
3.1403000	7.4411
3.1578000	7.4413
3.1752000	7.4415
3.1926000	7.4417
3.2100000	7.4419
3.2274000	7.4421
3.2449000	7.4424
3.2623000	7.4426
3.2797000	7.4428
3.2971000	7.4430
3.3146000	7.9367
3.3320000	7.9369
3.3494000	7.9371
3.3668000	7.9374
3.3841000	7.9376
3.4017000	7.9378
3.4191000	7.9380
3.4365000	7.9382
3.4539000	7.9384
3.4714000	7.9386
3.4888000	7.9388
3.5062000	8.4325
3.5236000	8.4328
3.5410000	8.4330
3.5585000	8.4332
3.5758000	8.4334
3.5933000	8.4336
3.6107000	8.4339
3.6282000	8.4341
3.6456000	8.4343
3.6630000	8.4344
3.6804000	8.4346
3.6978000	8.4349
3.7153000	8.9285
3.7327000	8.9287
3.7501000	8.9291
3.7675000	8.9293
3.7850000	8.9295
3.8024000	8.9297
3.8197000	8.9299
3.8372000	8.9301
3.8546000	8.9304
3.8721000	8.9306
3.8895000	8.9308
3.9069000	8.9310
3.9243000	9.4247
3.9418000	9.4249
3.9592000	9.4251
3.9766000	9.4253
3.9940000	9.4256
4.0114000	9.4258
4.0289000	9.4260
4.0463000	9.4262
4.0637000	9.4264
4.0811000	9.4266
4.0985000	9.4268
4.1160000	9.9205
4.1334000	9.9207
4.1508000	9.9210
4.1682000	9.9212
4.1857000	9.9214
4.2031000	9.9216
4.2205000	9.9218
4.2379000	9.9221
4.2553000	9.9223
4.2728000	9.9224
4.2902000	9.9226
4.3075000	9.9229
4.3250000	9.9231
4.3425000	10.4168
4.3599000	10.4171
4.3773000	10.4173
4.3947000	10.4175
4.4121000	10.4177
4.4296000	10.4179
4.4470000	10.4181
4.4644000	10.4183
4.4818000	10.4186
4.4993000	10.4188
4.5167000	10.4190
4.5341000	10.4192
4.5514000	10.9129
4.5689000	10.9131
4.5864000	10.9133
4.6038000	10.9135
4.6212000	10.9138
4.6385000	10.9140
4.6561000	10.9142
4.6735000	10.9144
4.6909000	10.9146
4.7083000	10.9148
4.7257000	10.9151
4.7431000	10.9153
4.7606000	10.9155
4.7780000	11.4092
4.7953000	11.4094
4.8129000	11.4096
4.8303000	11.4098
4.8477000	11.4100
4.8651000	11.4102
4.8824000	11.4104
4.9000000	11.4107
4.9174000	11.4109
4.9348000	11.4111
4.9522000	11.4113
4.9697000	11.4116
4.9870000	11.4118
5.0045000	11.9055
5.0219000	11.9057
5.0393000	11.9059
5.0568000	11.9061
5.0742000	11.9062
5.0916000	11.9064
5.1090000	11.9068
5.1265000	11.9070
5.1439000	11.9072
5.1613000	11.9074
5.1787000	11.9076
5.1961000	11.9078
5.2136000	11.9080
5.2310000	12.4018
5.2484000	12.4020
5.2658000	12.4022
5.2833000	12.4024
5.3007000	12.4026
5.3181000	12.4028
5.3355000	12.4030
5.3529000	12.4033
5.3704000	12.4035
5.3878000	12.4037
5.4052000	12.4039
5.4226000	12.4041
5.4400000	12.4043
5.4575000	12.4045
5.4748000	12.8982
5.4923000	12.8984
5.5097000	12.8987
5.5272000	12.8989
5.5446000	12.8991
5.5620000	12.8993
5.5794000	12.8995
5.5968000	12.8998
5.6143000	12.9000
5.6317000	12.9002
5.6491000	12.9003
5.6665000	12.9005
5.6840000	12.9008
5.7014000	12.9010
5.7187000	13.3947
5.7362000	13.3950
5.7536000	13.3952
5.7711000	13.3954
5.7885000	13.3956
5.8058000	13.3958
5.8233000	13.3960
5.8408000	13.3963
5.8582000	13.3965
5.8756000	13.3967
5.8930000	13.3969
5.9104000	13.3971
5.9279000	13.3973
5.9453000	13.3975
5.9627000	13.8912
5.9801000	13.8915
5.9976000	13.8917
6.0150000	13.8919
6.0324000	13.8921
6.0498000	13.8923
6.0672000	13.8925
6.0847000	13.8928
6.1021000	13.8930
6.1195000	13.8932
6.1369000	13.8934
6.1543000	13.8936
6.1718000	13.8938
6.1892000	13.8940
6.2066000	14.3877
6.2240000	14.3880
6.2415000	14.3881
6.2589000	14.3884
6.2763000	14.3886
6.2937000	14.3888
6.3111000	14.3890
6.3286000	14.3892
6.3460000	14.3895
6.3634000	14.3897
6.3808000	14.3899
6.3982000	14.3901
6.4157000	14.3902
6.4331000	14.3905
6.4505000	14.8841
6.4680000	14.8845
6.4854000	14.8847
6.5028000	14.8849
6.5202000	14.8851
6.5375000	14.8853
6.5551000	14.8855
6.5725000	14.8857
6.5899000	14.8860
6.6073000	14.8862
6.6247000	14.8864
6.6421000	14.8866
6.6596000	15.3803
6.6770000	15.3805
6.6944000	15.3807
6.7119000	15.3810
6.7292000	15.3812
6.7467000	15.3814
6.7641000	15.3816
6.7814000	15.3818
6.7990000	15.3820
6.8164000	15.3822
6.8338000	15.3825
6.8512000	15.3827
6.8687000	15.8763
6.8860000	15.8766
6.9035000	15.8768
6.9209000	15.8770
6.9383000	15.8772
6.9558000	15.8775
6.9731000	15.8777
6.9906000	15.8779
7.0080000	15.8780
7.0255000	15.8782
7.0429000	15.8784
7.0603000	15.8787
7.0777000	15.8790
7.0951000	16.3727
7.1126000	16.3729
7.1300000	16.3731
7.1474000	16.3733
7.1648000	16.3735
7.1823000	16.3737
7.1997000	16.3740
7.2171000	16.3742
7.2345000	16.3744
7.2519000	16.3746
7.2694000	16.3748
7.2868000	16.3750
7.3042000	16.8687
7.3216000	16.8689
7.3391000	16.8692
7.3565000	16.8694
7.3739000	16.8696
7.3913000	16.8698
7.4087000	16.8700
7.4262000	16.8702
7.4436000	16.8704
7.4610000	16.8707
7.4784000	16.8709
7.4958000	16.8711
7.5133000	16.8713
7.5307000	17.3650
7.5481000	17.3652
7.5655000	17.3654
7.5830000	17.3657
7.6004000	17.3659
7.6178000	17.3660
7.6352000	17.3663
7.6526000	17.3665
7.6701000	17.3667
7.6875000	17.3669
7.7048000	17.3672
7.7223000	17.3674
7.7398000	17.8611
7.7572000	17.8613
7.7746000	17.8615
7.7920000	17.8617
7.8094000	17.8618
7.8269000	17.8622
7.8443000	17.8624
7.8617000	17.8626
7.8791000	17.8628
7.8965000	17.8630
7.9140000	17.8632
7.9314000	17.8634
7.9487000	17.8637
7.9662000	18.3574
7.9837000	18.3576
8.0011000	18.3578
8.0185000	18.3580
8.0359000	18.3582
8.0534000	18.3584
8.0708000	18.3587
8.0882000	18.3589
8.1056000	18.3591
8.1230000	18.3593
8.1405000	18.3595
8.1579000	18.3597
8.1753000	18.8534
8.1927000	18.8536
8.2102000	18.8538
8.2276000	18.8540
8.2450000	18.8542
8.2624000	18.8545
8.2798000	18.8547
8.2973000	18.8549
8.3147000	18.8552
8.3321000	18.8554
8.3495000	18.8556
8.3670000	18.8558
8.3844000	18.8559
8.4018000	19.3497
8.4192000	19.3498
8.4365000	19.3501
8.4541000	19.3504
8.4715000	19.3506
8.4889000	19.3508
8.5063000	19.3510
8.5238000	19.3512
8.5412000	19.3514
8.5586000	19.3516
8.5760000	19.3519
8.5934000	19.3521
8.6109000	19.8458
8.6282000	19.8460
8.6457000	19.8462
8.6631000	19.8464
8.6806000	19.8466
8.6980000	19.8469
8.7154000	19.8471
8.7328000	19.8473
8.7502000	19.8475
8.7677000	19.8477
8.7851000	19.8479
8.8025000	19.8481
8.8199000	19.8484
8.8374000	20.3421
8.8548000	20.3423
8.8721000	20.3425
8.8896000	20.3427
8.9070000	20.3429
8.9245000	20.3431
8.9419000	20.3434
8.9593000	20.3436
8.9767000	20.3437
8.9941000	20.3439
9.0116000	20.3442
9.0290000	20.3444
9.0464000	20.8380
9.0638000	20.8383
9.0813000	20.8386
9.0987000	20.8388
9.1161000	20.8390
9.1335000	20.8392
9.1509000	20.8394
9.1684000	20.8396
9.1858000	20.8399
9.2032000	20.8401
9.2206000	20.8403
9.2381000	20.8405
9.2555000	20.8407
9.2729000	21.3344
9.2903000	21.3346
9.3077000	21.3348
9.3252000	21.3351
9.3426000	21.3353
9.3599000	21.3355
9.3774000	21.3357
9.3949000	21.3359
9.4123000	21.3361
9.4297000	21.3363
9.4471000	21.3366
9.4645000	21.3368
9.4820000	21.8305
9.4994000	21.8307
9.5168000	21.8309
9.5342000	21.8311
9.5516000	21.8313
9.5691000	21.8316
9.5865000	21.8317
9.6038000	21.8319
9.6213000	21.8322
9.6388000	21.8324
9.6562000	21.8326
9.6736000	21.8328
9.6909000	21.8331
9.7085000	22.3268
9.7259000	22.3270
9.7433000	22.3272
9.7607000	22.3274
9.7781000	22.3276
9.7955000	22.3277
9.8130000	22.3281
9.8304000	22.3283
9.8477000	22.3285
9.8653000	22.3287
9.8827000	22.3289
9.9001000	22.3291
9.9175000	22.8228
9.9348000	22.8230
9.9524000	22.8233
9.9698000	22.8235
9.9872000	22.8237
10.0046000	22.8239
10.0221000	22.8241
10.0395000	22.8243
10.0569000	22.8246
10.0743000	22.8248
10.0917000	22.8250
10.1092000	22.8252
10.1266000	23.3189
10.1440000	23.3191
10.1614000	23.3193
10.1789000	23.3195
10.1963000	23.3197
10.2137000	23.3200
10.2311000	23.3202
10.2485000	23.3204
10.2660000	23.3206
10.2833000	23.3208
10.3008000	23.3211
10.3182000	23.3213
10.3357000	23.8150
10.3531000	23.8152
10.3705000	23.8154
10.3879000	23.8155
10.4053000	23.8157
10.4228000	23.8159
10.4402000	23.8163
10.4576000	23.8165
10.4750000	23.8167
10.4924000	23.8169
10.5099000	23.8171
10.5272000	23.8173
10.5447000	23.8175
10.5621000	23.8178
10.5796000	23.8180
10.5970000	23.8182
10.6143000	24.3119
10.6318000	24.3121
10.6492000	24.3123
10.6667000	24.3125
10.6841000	24.3128
10.7015000	24.3130
10.7189000	24.3132
10.7364000	24.3134
10.7538000	24.3136
10.7711000	24.3138
10.7886000	24.3140
10.8060000	24.3143
10.8235000	24.3145
10.8409000	24.3147
10.8582000	24.3149
10.8757000	24.3151
10.8932000	24.8088
10.9106000	24.8090
10.9280000	24.8093
10.9454000	24.8094
10.9628000	24.8096
10.9803000	24.8098
10.9977000	24.8101
11.0151000	24.8103
11.0325000	24.8105
11.0500000	24.8108
11.0674000	24.8110
11.0848000	24.8112
11.1022000	24.8114
11.1196000	24.8115
11.1371000	24.8117
11.1545000	24.8120
11.1719000	24.8123
11.1893000	25.3060
11.2068000	25.3062
11.2242000	25.3064
11.2416000	25.3066
11.2590000	25.3068
11.2764000	25.3070
11.2939000	25.3073
11.3113000	25.3075
11.3287000	25.3077
11.3461000	25.3079
11.3635000	25.3081
11.3810000	25.3083
11.3984000	25.3085
11.4158000	25.3088
11.4332000	25.3090
11.4506000	25.3092
11.4681000	25.3094
11.4855000	25.8031
11.5029000	25.8033
11.5203000	25.8035
11.5377000	25.8037
11.5552000	25.8040
11.5726000	25.8042
11.5899000	25.8044
11.6075000	25.8046
11.6249000	25.8048
11.6423000	25.8050
11.6597000	25.8053
11.6771000	25.8054
11.6945000	25.8056
11.7120000	25.8058
11.7294000	25.8061
11.7468000	25.8063
11.7642000	25.8066
11.7816000	25.8068
11.7991000	25.8070
11.8165000	25.8072
11.8338000	26.3009
11.8514000	26.3011
11.8688000	26.3013
11.8862000	26.3014
11.9036000	26.3018
11.9210000	26.3020
11.9385000	26.3022
11.9559000	26.3024
11.9733000	26.3026
11.9907000	26.3028
12.0082000	26.3030
12.0256000	26.3033
12.0430000	26.3035
12.0604000	26.3037
12.0778000	26.3039
12.0953000	26.3041
12.1127000	26.3043
12.1301000	26.3046
12.1475000	26.3048
12.1650000	26.3050
12.1824000	26.3052
12.1998000	26.7989
12.2172000	26.7991
12.2346000	26.7993
12.2521000	26.7995
12.2695000	26.7997
12.2869000	26.8000
12.3043000	26.8002
12.3218000	26.8004
12.3392000	26.8006
12.3566000	26.8008
12.3740000	26.8011
12.3914000	26.8013
12.4089000	26.8014
12.4263000	26.8016
12.4437000	26.8018
12.4611000	26.8021
12.4785000	26.8023
12.4960000	26.8026
12.5133000	26.8028
12.5308000	26.8030
12.5482000	26.8032
12.5657000	27.2969
12.5831000	27.2971
12.6005000	27.2973
12.6179000	27.2974
12.6353000	27.2978
12.6528000	27.2980
12.6702000	27.2982
12.6876000	27.2984
12.7050000	27.2986
12.7225000	27.2988
12.7399000	27.2991
12.7572000	27.2993
12.7747000	27.2995
12.7921000	27.2997
12.8096000	27.2999
12.8270000	27.3001
12.8444000	27.3003
12.8618000	27.3006
12.8793000	27.3008
12.8967000	27.3010
12.9141000	27.7947
12.9315000	27.7949
12.9489000	27.7951
12.9664000	27.7953
12.9838000	27.7955
13.0012000	27.7957
13.0186000	27.7960
13.0361000	27.7962
13.0535000	27.7964
13.0709000	27.7966
13.0883000	27.7968
13.1057000	27.7971
13.1232000	27.7973
13.1406000	27.7974
13.1580000	27.7976
13.1754000	27.7979
13.1928000	27.7981
13.2103000	27.7983
13.2277000	27.7986
13.2451000	27.7988
13.2625000	28.2925
13.2800000	28.2927
13.2974000	28.2929
13.3148000	28.2931
13.3322000	28.2933
13.3496000	28.2936
13.3671000	28.2938
13.3845000	28.2940
13.4019000	28.2942
13.4193000	28.2944
13.4368000	28.2946
13.4542000	28.2948
13.4716000	28.2951
13.4889000	28.2953
13.5064000	28.2955
13.5239000	28.2957
13.5413000	28.2959
13.5587000	28.2961
13.5760000	28.2963
13.5935000	28.2966
13.6110000	28.2968
13.6284000	28.2970
13.6458000	28.2972
13.6632000	28.2974
13.6806000	28.2976
13.6981000	28.2979
13.7155000	28.2981
13.7328000	28.2983
13.7503000	28.2985
13.7678000	28.7922
13.7852000	28.7924
13.8026000	28.7926
13.8199000	28.7928
13.8375000	28.7931
13.8549000	28.7933
13.8723000	28.7934
13.8897000	28.7936
13.9071000	28.7939
13.9245000	28.7941
13.9420000	28.7943
13.9594000	28.7946
13.9768000	28.7948
13.9943000	28.7950
14.0117000	28.7952
14.0291000	28.7953
14.0465000	28.7955
14.0639000	28.7959
14.0814000	28.7961
14.0988000	28.7963
14.1162000	28.7965
14.1336000	28.7967
14.1511000	29.2904
14.1685000	29.2906
14.1859000	29.2908
14.2033000	29.2911
14.2207000	29.2913
14.2382000	29.2915
14.2556000	29.2917
14.2730000	29.2919
14.2904000	29.2921
14.3078000	29.2924
14.3253000	29.2926
14.3427000	29.2928
14.3601000	29.2930
14.3775000	29.2932
14.3950000	29.2934
14.4123000	29.2936
14.4298000	29.2939
14.4472000	29.2941
14.4646000	29.2943
14.4821000	29.2945
14.4995000	29.2947
14.5169000	29.7884
14.5343000	29.7886
14.5518000	29.7888
14.5692000	29.7891
14.5866000	29.7893
14.6040000	29.7894
14.6214000	29.7896
14.6389000	29.7899
14.6562000	29.7901
14.6737000	29.7904
14.6911000	29.7906
14.7085000	29.7908
14.7260000	29.7910
14.7433000	29.7912
14.7608000	29.7913
14.7782000	29.7915
14.7957000	29.7919
14.8131000	29.7921
14.8305000	29.7923
14.8479000	29.7925
14.8653000	29.7927
14.8828000	29.7929
14.9002000	29.7931
14.9176000	30.2869
14.9350000	30.2871
14.9525000	30.2873
14.9699000	30.2875
14.9872000	30.2877
15.0047000	30.2879
15.0221000	30.2881
15.0396000	30.2884
15.0570000	30.2886
15.0744000	30.2888
15.0918000	30.2890
15.1093000	30.2892
15.1267000	30.2894
15.1441000	30.2896
15.1615000	30.2899
15.1789000	30.2901
15.1964000	30.2903
15.2138000	30.2905
15.2312000	30.2907
15.2486000	30.2909
15.2661000	30.7846
15.2835000	30.7849
15.3009000	30.7851
15.3183000	30.7852
15.3357000	30.7854
15.3532000	30.7856
15.3706000	30.7859
15.3880000	30.7861
15.4054000	30.7864
15.4228000	30.7866
15.4403000	30.7868
15.4577000	30.7870
15.4751000	30.7872
15.4925000	30.7873
15.5100000	30.7875
15.5274000	30.7879
15.5448000	30.7881
15.5622000	30.7883
15.5796000	30.7885
15.5971000	30.7887
15.6145000	30.7889
15.6319000	30.7892
15.6493000	30.7894
15.6667000	31.2831
15.6842000	31.2833
15.7016000	31.2835
15.7189000	31.2837
15.7364000	31.2839
15.7539000	31.2841
15.7713000	31.2844
15.7887000	31.2846
15.8061000	31.2848
15.8235000	31.2850
15.8410000	31.2852
15.8584000	31.2854
15.8758000	31.2857
15.8932000	31.2859
15.9106000	31.2861
15.9281000	31.2863
15.9455000	31.2865
15.9628000	31.2867
15.9803000	31.2869
15.9978000	31.2872
16.0152000	31.2873
16.0326000	31.7811
16.0500000	31.7812
16.0675000	31.7814
16.0849000	31.7816
16.1023000	31.7819
16.1197000	31.7821
16.1371000	31.7824
16.1546000	31.7826
16.1720000	31.7828
16.1894000	31.7830
16.2068000	31.7832
16.2243000	31.7833
16.2417000	31.7837
16.2591000	31.7839
16.2765000	31.7841
16.2939000	31.7843
16.3114000	31.7845
16.3288000	31.7847
16.3462000	31.7849
16.3636000	31.7852
16.3811000	32.2789
16.3985000	32.2791
16.4159000	32.2793
16.4333000	32.2795
16.4506000	32.2797
16.4682000	32.2799
16.4856000	32.2802
16.5030000	32.2804
16.5204000	32.2806
16.5377000	32.2808
16.5553000	32.2810
16.5727000	32.2812
16.5901000	32.2814
16.6075000	32.2817
16.6250000	32.2819
16.6423000	32.2821
16.6598000	32.2823
16.6772000	32.2825
16.6945000	32.2827
16.7121000	32.2829
16.7295000	32.2832
16.7469000	32.2833
16.7643000	32.2836
16.7818000	32.7772
16.7992000	32.7774
16.8166000	32.7776
16.8340000	32.7779
16.8514000	32.7782
16.8689000	32.7784
16.8862000	32.7786
16.9037000	32.7788
16.9211000	32.7790
16.9385000	32.7792
16.9560000	32.7793
16.9734000	32.7797
16.9908000	32.7799
17.0082000	32.7801
17.0257000	32.7803
17.0431000	32.7805
17.0605000	32.7807
17.0779000	32.7809
17.0953000	32.7812
17.1128000	32.7814
17.1302000	32.7816
17.1476000	32.7818
17.1650000	33.2755
17.1825000	33.2757
17.1999000	33.2759
17.2173000	33.2762
17.2347000	33.2764
17.2521000	33.2766
17.2696000	33.2768
17.2870000	33.2770
17.3044000	33.2772
17.3218000	33.2774
17.3393000	33.2777
17.3567000	33.2779
17.3740000	33.2781
17.3915000	33.2783
17.4089000	33.2785
17.4264000	33.2787
17.4438000	33.2790
17.4612000	33.2792
17.4786000	33.2793
17.4960000	33.2796
17.5135000	33.2798
17.5309000	33.2800
17.5483000	33.2802
17.5657000	33.2805
17.5832000	33.2807
17.6006000	33.2809
17.6179000	33.2811
17.6354000	33.2812
17.6528000	33.7750
17.6703000	33.7752
17.6877000	33.7753
17.7050000	33.7757
17.7225000	33.7759
17.7400000	33.7761
17.7574000	33.7763
17.7748000	33.7765
17.7922000	33.7767
17.8096000	33.7770
17.8271000	33.7772
17.8445000	33.7774
17.8618000	33.7776
17.8793000	33.7778
17.8968000	33.7780
17.9142000	33.7782
17.9316000	33.7785
17.9489000	34.2722
17.9664000	34.2724
17.9839000	34.2726
18.0013000	34.2728
18.0187000	34.2730
18.0361000	34.2732
18.0536000	34.2735
18.0710000	34.2737
18.0884000	34.2739
18.1058000	34.2741
18.1232000	34.2743
18.1407000	34.2745
18.1581000	34.2747
18.1755000	34.2750
18.1929000	34.2752
18.2103000	34.2753
18.2278000	34.2756
18.2452000	34.7692
18.2626000	34.7694
18.2800000	34.7697
18.2974000	34.7699
18.3149000	34.7702
18.3323000	34.7704
18.3497000	34.7706
18.3671000	34.7708
18.3846000	34.7710
18.4020000	34.7711
18.4194000	34.7715
18.4368000	34.7717
18.4543000	34.7719
18.4717000	34.7721
18.4891000	34.7723
18.5065000	34.7725
18.5239000	34.7727
18.5413000	34.7730
18.5588000	35.2667
18.5762000	35.2669
18.5936000	35.2671
18.6111000	35.2673
18.6284000	35.2675
18.6459000	35.2677
18.6633000	35.2680
18.6806000	35.2682
18.6982000	35.2684
18.7156000	35.2686
18.7330000	35.2688
18.7504000	35.2690
18.7678000	35.2692
18.7852000	35.2695
18.8027000	35.2697
18.8201000	35.2699
18.8375000	35.2701
18.8550000	35.2703
18.8723000	35.7640
18.8898000	35.7642
18.9072000	35.7644
18.9245000	35.7647
18.9421000	35.7649
18.9595000	35.7651
18.9769000	35.7652
18.9943000	35.7654
19.0118000	35.7657
19.0292000	35.7660
19.0466000	35.7662
19.0640000	35.7664
19.0814000	35.7666
19.0989000	35.7668
19.1163000	35.7670
19.1337000	35.7671
19.1511000	35.7675
19.1686000	35.7677
19.1860000	36.2614
19.2034000	36.2616
19.2208000	36.2618
19.2382000	36.2620
19.2557000	36.2622
19.2731000	36.2625
19.2905000	36.2627
19.3079000	36.2629
19.3254000	36.2631
19.3428000	36.2633
19.3602000	36.2635
19.3776000	36.2637
19.3950000	36.2640
19.4125000	36.2642
19.4299000	36.2644
19.4473000	36.2646
19.4647000	36.2648
19.4822000	36.7585
19.4996000	36.7587
19.5170000	36.7589
19.5344000	36.7591
19.5518000	36.7593
19.5693000	36.7596
19.5867000	36.7598
19.6040000	36.7600
19.6215000	36.7602
19.6389000	36.7605
19.6564000	36.7607
19.6738000	36.7609
19.6912000	36.7610
19.7086000	36.7612
19.7261000	36.7614
19.7435000	36.7617
19.7609000	36.7620
19.7783000	36.7622
19.7957000	37.2559
19.8132000	37.2561
19.8306000	37.2563
19.8479000	37.2565
19.8654000	37.2567
19.8829000	37.2570
19.9003000	37.2572
19.9177000	37.2574
19.9351000	37.2576
19.9525000	37.2578
19.9700000	37.2580
19.9874000	36.7648
20.0048000	36.7650
20.0851000	36.9216
20.1896000	36.9217
20.2940000	37.4155
20.3985000	37.4156
20.5030000	37.4157
20.6075000	37.9094
20.7120000	37.9095
20.8165000	37.9097
20.9209000	38.4034
21.0254000	38.4035
21.1300000	38.4036
21.2344000	38.8974
21.3389000	38.8975
21.4434000	38.8976
21.5479000	38.8977
21.6522000	39.3915
21.7569000	39.3916
21.8612000	39.8854
21.9658000	39.8855
22.0703000	39.8856
22.8016000	40.8736
22.9061000	41.3674
23.0106000	41.3675
23.1152000	41.3676
23.8466000	42.3557
23.9510000	42.8495
24.0555000	42.8496
24.9958000	44.3315
25.1004000	44.3316
25.9362000	45.8134
26.0407000	45.8135
26.1452000	45.8136
26.7721000	46.8016
26.8765000	47.2953
26.9809000	47.2955
27.0856000	47.2955
27.1901000	47.2957
27.2945000	47.7894
27.3990000	47.7896
27.5034000	47.7896
27.6080000	47.7898
27.7126000	47.7899
27.8171000	47.7900
27.9215000	48.2838
28.0260000	48.2839
28.1306000	48.2840
28.2351000	48.2841
28.3396000	48.2842
28.4442000	48.2843
28.5487000	48.2844
28.6532000	48.2845
28.7576000	48.7783
28.8620000	48.7784
28.9667000	48.7785
29.0712000	48.7786
29.1757000	48.7787
29.2803000	48.7788
29.3848000	48.7789
29.4893000	48.7790
29.5939000	48.7792
29.6984000	48.7793
29.8029000	48.7793
29.9074000	48.7795
30.0120000	48.7795
30.1165000	48.7797
30.2210000	48.7798
30.3256000	48.7799
30.4301000	48.7800
30.5345000	49.2738
30.6390000	49.2739
30.7435000	49.2740
30.8481000	49.2741
30.9526000	49.2742
31.0571000	49.2743
31.1617000	49.2744
31.2662000	49.2745
31.3707000	49.2746
31.4752000	49.2747
31.5798000	49.2749
31.6843000	49.2750
31.7888000	49.2751
31.8934000	49.2752
31.9979000	49.2753
32.1024000	49.2753
32.2069000	49.2755
32.3115000	49.2756
32.4160000	49.2757
32.5205000	49.2758
32.6251000	49.2759
32.7296000	49.2760
32.8340000	49.2761
32.9388000	48.7826
33.0433000	48.7827
33.1479000	48.7828
33.2524000	48.7829
33.3569000	48.7830
33.4614000	48.7831
33.5659000	48.7832
33.6705000	48.7833
33.7750000	48.7835
33.8796000	48.7835
33.9841000	48.7837
34.0886000	48.7838
34.1932000	48.7839
34.2977000	48.7840
34.4022000	48.7841
34.5067000	48.7842
34.6113000	48.7843
34.7158000	48.7844
34.8203000	48.7845
34.9250000	48.2910
35.0295000	48.2911
35.1341000	48.2912
35.2386000	48.2913
35.3431000	48.2913
35.4477000	48.2915
35.5522000	48.2916
35.6566000	48.2917
35.7612000	48.2918
35.8658000	48.2919
35.9703000	48.2921
36.0748000	48.2922
36.1794000	48.2923
36.2839000	48.2924
36.3884000	48.2925
36.4929000	48.2926
36.5975000	48.2927
36.7021000	47.7991
36.8067000	47.7993
36.9112000	47.7993
37.0157000	47.7995
37.1203000	47.7995
37.2248000	47.7997
37.3293000	47.7997
37.4339000	47.7999
37.5384000	47.8000
37.6429000	47.8001
37.7473000	47.8002
37.8519000	47.8003
37.9565000	47.8004
38.0612000	47.3069
38.1657000	47.3070
38.2702000	47.3071
38.3748000	47.3072
38.4793000	47.3073
38.5838000	47.3074
38.6884000	47.3075
38.7929000	47.3075
38.8974000	47.3077
39.0019000	47.3079
39.1065000	47.3080
39.2110000	47.3081
39.3155000	47.3082
39.4201000	47.3083
39.5246000	47.3084
39.6291000	47.3085
39.7337000	47.3086
39.8382000	47.3087
39.9426000	47.3088
40.0472000	47.3089
40.1518000	47.3090
40.2563000	47.3091
40.3608000	47.3093
40.4654000	47.3094
40.5699000	47.3094
40.6743000	47.3096
40.7789000	47.3096
40.8835000	47.3098
40.9880000	47.3099
41.0925000	47.3100
41.1971000	47.3101
41.3016000	47.3102
41.4061000	47.3103
41.5107000	47.3104
41.6152000	47.3105
41.7197000	47.3106
41.8242000	47.3108
41.9287000	47.3109
42.0333000	47.3110
42.1378000	47.3111
42.2424000	47.3112
42.3469000	47.3113
42.4514000	47.3114
42.5558000	47.3115
42.6604000	47.3115
42.7650000	47.3117
42.8695000	47.3118
42.9739000	47.8056
43.0785000	47.8056
43.1830000	47.8058
43.2875000	47.8058
43.3920000	47.8060
43.4966000	47.8061
43.6011000	47.8062
43.7056000	47.8063
43.8102000	47.8065
43.9146000	47.8066
44.0192000	47.8067
44.1236000	48.3004
44.2281000	48.3005
44.3327000	48.3007
44.4372000	48.3008
44.5417000	48.3009
44.6463000	48.3010
44.7508000	48.3011
44.8553000	48.3012
44.9598000	48.3013
45.0644000	48.3014
45.1688000	48.7952
45.2732000	48.7953
45.3778000	48.7953
45.4823000	48.7955
45.5869000	48.7955
45.6914000	48.7957
45.7957000	49.2894
45.9003000	49.2896
46.0049000	49.2897
46.1094000	49.2898
46.2139000	49.2899
46.3184000	49.2900
46.4230000	49.2901
46.5274000	49.2902
46.6320000	49.2903
46.7366000	49.2904
46.8411000	49.2905
46.9456000	49.2907
47.0501000	49.2908
47.1547000	49.2909
47.2591000	49.2910
47.3637000	49.2911
47.4683000	49.2912
47.5728000	49.2913
47.6773000	49.2913
47.7819000	49.2915
47.8864000	49.2916
47.9909000	49.2917
48.0954000	49.2918
48.2000000	49.2919
48.3045000	49.2921
48.4090000	49.2922
48.5135000	49.2923
48.6181000	49.2924
48.7226000	49.2925
48.8272000	49.2926
48.9317000	49.2927
49.0362000	49.2928
49.1407000	49.2929
49.2453000	49.2930
49.3498000	49.2931
49.4543000	49.2932
49.5589000	49.2933
49.6634000	49.2934
49.7679000	49.2936
49.8723000	49.2937
49.9769000	49.2938
50.0815000	49.2939
50.1860000	49.2940
50.2906000	49.2941
50.3951000	49.2942
50.4996000	49.2943
50.6042000	49.2944
50.7086000	49.2945
50.8132000	49.2946
50.9177000	49.2947
51.0223000	49.2948
51.1268000	49.2950
51.2313000	49.2951
51.3359000	49.2952
51.4404000	49.2953
51.5449000	49.2953
51.6494000	49.2955
51.7540000	49.2955
51.8585000	49.2957
51.9630000	49.2958
52.0676000	49.2959
52.1721000	49.2960
52.2766000	49.2961
52.3812000	49.2962
52.4857000	49.2964
52.5901000	49.2965
52.6947000	49.2966
52.7993000	49.2967
52.9038000	49.2968
53.0083000	49.2969
53.1129000	49.2970
53.2174000	49.2971
53.3219000	49.2972
53.4264000	49.2973
53.5310000	49.2974
53.6355000	49.2974
53.7400000	49.2976
53.8446000	49.2977
53.9491000	49.2979
54.0536000	49.2980
54.1582000	49.2981
54.2625000	49.7917
54.3671000	49.7919
54.4716000	49.7921
54.5760000	49.7922
54.6806000	49.7923
54.7852000	49.7924
54.8897000	49.7925
54.9943000	49.7926
55.0988000	49.7927
55.2033000	49.7928
55.3078000	49.7929
55.4122000	50.2867
55.5168000	50.2868
55.6213000	50.2869
55.7258000	50.2870
55.8303000	50.2871
55.9348000	50.2872
56.0394000	50.2873
56.1439000	50.2873
56.2483000	50.7812
56.3529000	50.7812
56.4574000	50.7814
56.5619000	50.7814
56.6663000	50.7816
56.7710000	50.7816
56.8755000	50.7818
56.9800000	50.7819
57.0844000	51.2757
57.1889000	51.2758
57.2934000	51.2759
57.3980000	51.2760
57.5025000	51.2761
57.6071000	51.2762
57.7116000	51.2764
57.8161000	51.2765
57.9205000	51.7702
58.0250000	51.7703
58.1296000	51.7704
58.2341000	51.7706
58.3386000	51.7707
58.4432000	51.7708
58.5476000	51.7709
58.6522000	51.7710
58.7567000	51.7711
58.8611000	52.2649
58.9657000	52.2650
59.0702000	52.2651
59.1747000	52.2652
59.2792000	52.2652
59.3838000	52.2654
59.4883000	52.2655
59.5928000	52.2656
59.6974000	52.2657
59.8018000	52.2658
59.9064000	52.2659
60.0108000	52.7597
60.1153000	52.7598
60.2199000	52.7599
60.3244000	52.7600
60.4289000	52.7601
60.5335000	52.7602
60.6380000	52.7603
60.7425000	52.7604
60.8470000	52.7606
60.9516000	52.7607
61.0561000	52.7608
61.1606000	52.7609
61.2652000	52.7610
61.3697000	52.7610
61.4742000	52.7612
61.5788000	52.7612
61.6833000	52.7614
61.7877000	53.2551
61.8921000	53.2553
61.9967000	53.2554
62.1013000	53.2555
62.2058000	53.2556
62.3103000	53.2557
62.4149000	53.2558
62.5194000	53.2559
62.6239000	53.2560
62.7284000	53.2561
62.8330000	53.2563
62.9375000	53.2564
63.0420000	53.2565
63.1466000	53.2566
63.2511000	53.2567
63.3556000	53.2568
63.4601000	53.2569
63.5647000	53.2570
63.6692000	53.2570
63.7737000	53.2572
63.8782000	53.2572
63.9828000	53.2574
64.0873000	53.2575
64.1919000	53.2577
64.2964000	53.2578
64.4009000	53.2579
64.5053000	53.2580
64.6099000	53.2581
64.7145000	53.2582
64.8190000	53.2583
64.9236000	53.2584
65.0281000	53.2585
65.1326000	53.2586
65.2371000	53.2587
65.3417000	53.2588
65.4462000	53.2589
65.5507000	53.2591
65.6553000	53.2591
65.7598000	53.2593
65.8643000	53.2594
65.9689000	53.2595
66.0734000	53.2596
66.1779000	53.2597
66.2824000	53.2598
66.3870000	53.2599
66.4915000	53.2600
66.5960000	53.2601
66.7006000	53.2602
66.8051000	53.2603
66.9096000	53.2604
67.0142000	53.2606
67.1187000	53.2607
67.2234000	52.7671
67.3279000	52.7671
67.4324000	52.7673
67.5369000	52.7673
67.6415000	52.7675
67.7460000	52.7677
67.8505000	52.7678
67.9550000	52.7679
68.0596000	52.7680
68.1641000	52.7681
68.2687000	52.7682
68.3732000	52.7683
68.4777000	52.7684
68.5822000	52.7685
68.6867000	52.7686
68.7913000	52.7687
68.8958000	52.7688
69.0004000	52.7689
69.1049000	52.7690
69.2094000	52.7692
69.3139000	52.7692
69.4184000	52.7694
69.5230000	52.7694
69.6275000	52.7696
69.7321000	52.7697
69.8366000	52.7698
69.9411000	52.7699
70.0457000	52.7700
70.1502000	52.7701
70.2547000	52.7702
70.3592000	52.7703
70.4638000	52.7704
70.5683000	52.7706
70.6728000	52.7707
70.7774000	52.7708
70.8819000	52.7709
70.9864000	52.7710
71.0909000	52.7711
71.1955000	52.7711
71.3000000	52.7713
71.4045000	52.7713
71.5091000	52.7715
71.6136000	52.7715
71.7181000	52.7717
71.8227000	52.7718
71.9270000	53.2656
72.0316000	53.2657
72.1360000	53.2658
72.2406000	53.2659
72.3452000	53.2660
72.4497000	53.2661
72.5542000	53.2663
72.6587000	53.2664
72.7633000	53.2665
72.8678000	53.2666
72.9723000	53.2667
73.0769000	53.2668
73.1814000	53.2669
73.2859000	53.2670
73.3905000	53.2671
73.4950000	53.2671
73.5995000	53.2673
73.7040000	53.2674
73.8086000	53.2675
73.9131000	53.2677
74.0176000	53.2678
74.1222000	53.2679
74.2267000	53.2680
74.3312000	53.2681
74.4358000	53.2682
74.5403000	53.2683
74.6448000	53.2684
74.7492000	53.2685
74.8538000	53.2686
74.9584000	53.2687
75.0629000	53.2688
75.1675000	53.2689
75.2720000	53.2690
75.3765000	53.2692
75.4809000	53.7629
75.5854000	53.7630
75.6900000	53.7631
75.7945000	53.7631
75.8990000	53.7633
76.0036000	53.7635
76.1081000	53.7635
76.2126000	53.7637
76.3171000	53.7638
76.4217000	53.7639
76.5262000	53.7640
76.6307000	53.7641
76.7353000	53.7642
76.8397000	53.7643
76.9443000	53.7644
77.0488000	53.7645
77.1534000	53.7646
77.2579000	53.7647
77.3624000	53.7649
77.4670000	53.7650
77.5715000	53.7651
77.6760000	53.7652
77.7806000	53.7652
77.8851000	53.7654
77.9895000	54.2591
78.0940000	54.2593
78.1985000	54.2594
78.3031000	54.2595
78.4076000	54.2596
78.5121000	54.2597
78.6166000	54.2598
78.7212000	54.2599
78.8256000	54.2600
78.9302000	54.2601
79.0348000	54.2602
79.1393000	54.2603
79.2438000	54.2604
79.3484000	54.2606
79.4529000	54.2607
79.5574000	54.2608
79.6619000	54.2609
79.7665000	54.2610
79.8710000	54.2610
79.9755000	54.2612
80.0801000	54.2612
80.1846000	54.2614
80.2891000	54.2615
80.3937000	54.2616
80.4982000	54.2617
80.6027000	54.2618
80.7072000	54.2620
80.8117000	54.2621
80.9163000	54.2622
81.0208000	54.2623
81.1254000	54.2624
81.2299000	54.2625
81.3344000	54.2626
81.4389000	54.2627
81.5434000	54.2628
81.6480000	54.2629
81.7525000	54.2630
81.8571000	54.2631
81.9616000	54.2631
82.0661000	54.2634
82.1707000	54.2635
82.2752000	54.2636
82.3797000	54.2637
82.4842000	54.2638
82.5888000	54.2639
82.6933000	54.2640
82.7978000	54.2641
82.9024000	54.2642
83.0069000	54.2643
83.1114000	54.2644
83.2160000	54.2645
83.3205000	54.2646
83.4252000	53.7711
83.5297000	53.7711
83.6341000	53.7713
83.7387000	53.7713
83.8433000	53.7715
83.9478000	53.7715
84.0523000	53.7717
84.1569000	53.7718
84.2614000	53.7720
84.3659000	53.7721
84.4704000	53.7722
84.5750000	53.7723
84.6795000	53.7724
84.7840000	53.7725
84.8885000	53.7726
84.9931000	53.7727
85.0976000	53.7728
85.2022000	53.7729
85.3067000	53.7730
85.4112000	53.7731
85.5157000	53.7732
85.6202000	53.7732
85.7248000	53.7734
85.8293000	53.7736
85.9339000	53.7737
86.0384000	53.7738
86.1429000	53.7739
86.2475000	53.7740
86.3519000	53.7741
86.4565000	53.7742
86.5610000	53.7743
86.6656000	53.7744
86.7701000	53.7745
86.8746000	53.7746
86.9792000	53.7747
87.0836000	53.7749
87.1882000	53.7750
87.2927000	53.7751
87.3973000	53.7752
87.5018000	53.7753
87.6063000	53.7753
87.7109000	53.7755
87.8154000	53.7755
87.9201000	53.2821
88.0246000	53.2822
88.1291000	53.2823
88.2337000	53.2824
88.3382000	53.2825
88.4426000	53.2826
88.5472000	53.2827
88.6518000	53.2828
88.7563000	53.2829
88.8608000	53.2830
88.9654000	53.2831
89.0699000	53.2832
89.1743000	53.2833
89.2790000	53.2835
89.3835000	53.2836
89.4880000	53.2837
89.5925000	53.2838
89.6971000	53.2839
89.8016000	53.2840
89.9061000	53.2841
90.0107000	53.2842
90.1152000	53.2843
90.2197000	53.2844
90.3242000	53.2845
90.4288000	53.2846
90.5333000	53.2847
90.6378000	53.2849
90.7424000	53.2850
90.8469000	53.2851
90.9514000	53.2852
91.0560000	53.2852
91.1605000	53.2854
91.2650000	53.2854
91.3695000	53.2856
91.4741000	53.2857
91.5787000	52.7922
91.6833000	52.7923
91.7877000	52.7924
91.8923000	52.7925
91.9969000	52.7926
92.1014000	52.7927
92.2059000	52.7928
92.3105000	52.7929
92.4150000	52.7930
92.5194000	52.7931
92.6240000	52.7932
92.7286000	52.7933
92.8331000	52.7934
92.9376000	52.7936
93.0422000	52.7936
93.1467000	52.7938
93.2511000	52.7939
93.3558000	52.7940
93.4603000	52.7941
93.5648000	52.7942
93.6693000	52.7943
93.7739000	52.7944
93.8784000	52.7945
93.9828000	52.7946
94.0875000	52.7947
94.1920000	52.7948
94.2965000	52.7950
94.4010000	52.7951
94.5056000	52.7952
94.6101000	52.3016
94.7147000	52.3017
94.8193000	52.3018
94.9238000	52.3019
95.0284000	52.3021
95.1329000	52.3022
95.2374000	52.3023
95.3420000	52.3024
95.4465000	52.3025
95.5510000	52.3026
95.6555000	52.3027
95.7601000	52.3028
95.8646000	52.3029
95.9691000	52.3030
96.0737000	52.3031
96.1782000	52.3032
96.2827000	52.3033
96.3873000	52.3034
96.4918000	52.3035
96.5963000	52.3037
96.7008000	52.3038
96.8054000	52.3039
96.9099000	52.3040
97.0144000	52.3041
97.1190000	52.3042
97.2235000	52.3043
97.3280000	52.3044
97.4327000	51.8109
97.5372000	51.8110
97.6418000	51.8111
97.7463000	51.8112
97.8508000	51.8113
97.9553000	51.8114
98.0599000	51.8115
98.1644000	51.8115
98.2689000	51.8117
98.3735000	51.8117
98.4780000	51.8119
98.5825000	51.8120
98.6870000	51.8122
98.7915000	51.8123
98.8961000	51.8124
99.0006000	51.8125
99.1052000	51.8126
99.2097000	51.8127
99.3142000	51.8128
99.4188000	51.8129
99.5232000	51.8130
99.6278000	51.8131
99.7323000	51.8132
99.8369000	51.8133
99.9415000	51.3197
100.0461000	51.3199
100.1506000	51.3200
100.2551000	51.3201
100.3597000	51.3202
100.4642000	51.3203
100.5687000	51.3204
100.6733000	51.3205
100.7778000	51.3206
100.8822000	51.3208
100.9868000	51.3209
101.0914000	51.3210
101.1959000	51.3211
101.3004000	51.3212
101.4050000	51.3213
101.5096000	50.8277
101.6141000	50.8279
101.7187000	50.8279
101.8232000	50.8281
101.9278000	50.8282
102.0323000	50.8283
102.1368000	50.8284
102.2413000	50.8285
102.3458000	50.8286
102.4504000	50.8287
102.5549000	50.8288
102.6595000	50.8289
102.7640000	50.8290
102.8685000	50.8291
102.9729000	50.8292
103.0777000	50.3357
103.1822000	50.3357
103.2868000	50.3359
103.3913000	50.3360
103.4958000	50.3361
103.6004000	50.3362
103.7048000	50.3363
103.8094000	50.3365
103.9140000	50.3366
104.0185000	50.3367
104.1230000	50.3368
104.2275000	50.3369
104.3321000	50.3370
104.4365000	50.3371
104.5413000	49.8435
104.6458000	49.8437
104.7503000	49.8437
104.8549000	49.8439
104.9594000	49.8439
105.0639000	49.8441
105.1685000	49.8441
105.2730000	49.8443
105.3775000	49.8444
105.4820000	49.8445
105.5866000	49.8446
105.6911000	49.8447
105.7955000	49.8448
105.9002000	49.8449
106.0048000	49.3514
106.1094000	49.3515
106.2139000	49.3516
106.3184000	49.3517
106.4230000	49.3518
106.5274000	49.3519
106.6320000	49.3519
106.7365000	49.3521
106.8411000	49.3523
106.9456000	49.3524
107.0501000	49.3525
107.1547000	49.3526
107.2591000	49.3527
107.3639000	48.8591
107.4684000	48.8592
107.5729000	48.8593
107.6775000	48.8595
107.7820000	48.8596
107.8864000	48.8597
107.9910000	48.8598
108.0956000	48.8599
108.2001000	48.8599
108.3046000	48.8601
108.4092000	48.8601
108.5137000	48.8603
108.6183000	48.3668
108.7229000	48.3669
108.8274000	48.3670
108.9319000	48.3671
109.0365000	48.3672
109.1410000	48.3673
109.2455000	48.3674
109.3501000	48.3675
109.4546000	48.3676
109.5591000	48.3677
109.6638000	47.8742
109.7683000	47.8742
109.8729000	47.8744
109.9774000	47.8745
110.0819000	47.8746
110.1864000	47.8747
110.2910000	47.8748
110.3955000	47.8749
110.5000000	47.8750
110.6046000	47.8752
110.7090000	47.8753
110.8136000	47.8754
110.9183000	47.3818
111.0228000	47.3819
111.1274000	47.3820
111.2319000	47.3820
111.3364000	47.3822
111.4409000	47.3824
111.5455000	47.3825
111.6500000	47.3826
111.7545000	47.3827
111.8592000	46.8891
111.9637000	46.8892
112.0683000	46.8893
112.1728000	46.8894
112.2772000	46.8896
112.3819000	46.8897
112.4864000	46.8898
112.5909000	46.8899
112.6954000	46.8900
112.8000000	46.8901
112.9045000	46.8902
113.0090000	46.8902
113.1137000	46.3968
113.2182000	46.3969
113.3228000	46.3970
113.4273000	46.3971
113.5318000	46.3972
113.6364000	46.3973
113.7409000	46.3974
113.8454000	46.3975
113.9499000	46.3976
114.0545000	46.3977
114.1591000	45.9042
114.2637000	45.9043
114.3682000	45.9043
114.4727000	45.9045
114.5773000	45.9045
114.6818000	45.9047
114.7863000	45.9048
114.8909000	45.9049
114.9954000	45.9050
115.1001000	45.4115
115.2046000	45.4116
115.3091000	45.4117
115.4136000	45.4118
115.5182000	45.4119
115.6227000	45.4120
115.7271000	45.4121
115.8317000	45.4122
115.9363000	45.4123
116.0408000	45.4125
116.1455000	44.9189
116.2500000	44.9190
116.3546000	44.9191
116.4591000	44.9192
116.5636000	44.9193
116.6681000	44.9194
116.7727000	44.9195
116.8772000	44.9197
116.9817000	44.9198
117.0863000	44.9199
117.1908000	44.9200
117.2953000	44.9201
117.4000000	44.4264
117.5045000	44.4266
117.6091000	44.4267
117.7136000	44.4269
117.8181000	44.4270
117.9226000	44.4271
118.0272000	44.4272
118.1317000	44.4273
118.2364000	43.9337
118.3409000	43.9338
118.4454000	43.9340
118.5500000	43.9341
118.6545000	43.9342
118.7590000	43.9343
118.8635000	43.9344
118.9681000	43.9344
119.0726000	43.9346
119.1771000	43.9346
119.2817000	43.9348
119.3862000	43.4413
119.4909000	43.4414
119.5954000	43.4415
119.6999000	43.4416
119.8045000	43.4417
119.9090000	43.4418
120.0137000	42.9482