0      0         1        1
0.409  212.2952  51.9133  29.6832
0.9156  223.3437  16.0553  16.6726
1.3932  216.4947  14.2072  13.5899
1.8693  223.8433  11.7323  11.1151
2.3606  234.2765  7.417  8.0343
2.8376  232.983  21.6337  22.251
3.3282  249.5891  21.0069  21.005
3.8209  246.4419  21.0107  21.628
4.2956  247.2392  21.0126  21.564
4.7746  247.5587  21.0031  20.3858
5.5897  249.3099  22.2358  21.6185
6.3896  251.6803  22.8569  22.2396
7.1896  250.9642  20.3991  20.3972
7.9893  253.3346  21.0126  21.0145
8.7894  252.6186  20.4123  19.7951
9.6049  252.5179  20.3744  19.757
10.4203  251.8  22.2339  22.8512
11.1894  252.9396  21.0164  20.3991
