0.2878	 297.1629	 35.5482	 35.5482
0.597	 286.2967	 19.8225	 19.8225
0.8822	 276.7923	 13.6745	 13.6745
1.1891	 276.8658	 12.3071	 12.3071
1.4729	 274.8824	 12.3014	 11.6177
1.7774	 286.5792	 8.8828	 8.8828
2.0881	 268.192	 11.6177	 11.6177
2.3948	 269.6329	 5.4698	 6.1536
2.6781	 269.7008	 6.8316	 6.1479
2.9841	 274.5603	 6.8373	 6.1536
3.2661	 281.4654	 5.4698	 5.4698
3.6217	 274.7128	 3.0768	 6.8373
3.8815	 274.0913	 3.0711	 6.8316
4.2093	 288.5287	 5.467	 5.1251
4.5053	 283.8132	 3.0768	 3.0768
4.7997	 287.6444	 1.3646	 1.3646
5.107	 286.0085	 5.8089	 5.8117
5.3826	 265.5617	 19.831	 19.831
5.6779	 264.9485	 12.9937	 12.9937
5.9822	 278.3547	 8.5466	 8.8885
6.2878	 285.6073	 7.5238	 7.5238
6.5819	 290.4641	 11.2814	 11.2814
7.1813	 304.6246	 7.521	 7.521
7.4915	 288.2886	 12.9992	 12.9992
7.7668	 269.2091	 11.6177	 10.934
7.8817	 285.305	 3.074	 3.074
8.0835	 279.8832	 5.8117	 5.8117
8.3921	 270.7263	 6.4898	 6.4898
8.6851	 282.0785	 7.521	 7.1791
9.289	 273.3341	 12.9908	 12.649
9.5907	 300.073	 4.1024	 4.1024
10.503	 283.1973	 5.8089	 5.128
10.7983	 283.268	 3.074	 3.4158
11.0812	 285.387	 10.9397	 10.9397
12.8942	 311.12	 4.7861	 4.7861
13.1378	 273.5714	 10.2446	 10.2446
13.1539	 311.8659	 4.1024	 4.1024
13.4839	 314.6799	 6.1479	 4.7861
15.783	 270.7856	 8.8885	 9.5722
18.4048	 266.6268	 6.8373	 7.521
21.238264187572		 269.831117266079		 3.087711077269		 3.087711077269
23.87193948421		 269.448605090958		 3.087711077269		 3.087711077269
26.547955751176		 267.24892474018		 3.087397285492		 3.087397285492
29.09301625023		 261.961533312135		 4.903937877595		 4.903937877595
31.724348568273		 256.491828862149		 4.904565461148		 4.904565461148
34.442371094338		 251.748238582163		 3.451709537596		 3.451709537596
36.901494485633		 247.36990192961		 3.268768932103		 3.268768932103
39.576506618914		 242.989996318175		 3.45139574582		 3.45139574582
42.123910096564		 242.789797164996		 3.089280036149		 3.089280036149
44.929877997757		 241.49760263083		 3.452964704701		 3.452964704701
47.521714390909		 244.022371261694		 3.088024869044		 3.088024869044
50.200826736733		 248.545052131274		 3.269396515656		 3.269396515656
53.051478586849		 250.522881696316		 2.542340970328		 2.542340970328
55.38441584523		 253.412903954613		 3.633394975983		 3.633394975983
58.060348434388		 251.031538165448		 2.543909929209		 2.543909929209
60.648754037454		 246.107203822402		 4.359509145984		 4.359509145984
63.238414807625		 243.908151055177		 5.813934028417		 5.813934028417
65.871755393035		 242.798897126504		 6.176363529865		 6.176363529865
68.415895436212		 235.51296587619		 3.269396515656		 3.269396515656
71.093083192476		 235.856881662845		 2.905711847104		 2.905711847104
74.029588472545		 236.743971014008		 2.724653992268		 2.724653992268
76.488711863839		 232.365634361455		 3.451709537596		 3.451709537596
79.250497882951		 228.893528358409		 3.996452060984		 3.996452060984
81.755476712466		 230.328811942497		 4.360764313089		 4.360764313089
84.432246079695		 229.764300537211		 3.632767392432		 3.632767392432
86.9803189798		 231.017584891135		 2.724967784043		 2.724967784043
89.657339380449		 230.998129801014		 2.907280805985		 2.907280805985
95.055729419443		 233.502501966428		 3.268455140328		 3.268455140328
102.785717871905		 235.989929375931		 3.632453600657		 3.632453600657