#DataThief C:\Stuff\Judit\Dark Matter Research\Datathief\nord-120kpc-halo.png Thursday 26-Dec-2019 5:13:19 PM
0.1090000000	8.8841000000
0.1264000000	10.3648000000
0.1439000000	11.3519000000
0.1613000000	12.8327000000
0.1787000000	13.8199000000
0.1962000000	14.8071000000
0.2136000000	16.2878000000
0.2310000000	17.2750000000
0.2485000000	18.7556000000
0.2659000000	19.7428000000
0.2833000000	21.2235000000
0.3008000000	22.2107000000
0.3182000000	23.6914000000
0.3357000000	24.6785000000
0.3531000000	25.6658000000
0.3705000000	26.6530000000
0.3880000000	28.1336000000
0.4054000000	29.1208000000
0.4228000000	30.6015000000
0.4229000000	31.0950000000
0.4577000000	32.5758000000
0.4751000000	33.5631000000
0.4752000000	34.0566000000
0.5100000000	36.0310000000
0.5274000000	37.0182000000
0.5449000000	38.0054000000
0.5798000000	39.9797000000
0.5972000000	41.4604000000
0.6146000000	42.4476000000
0.6320000000	43.4348000000
0.6495000000	44.4220000000
0.6669000000	45.4092000000
0.6844000000	46.8899000000
0.7018000000	47.8771000000
0.7191000000	48.8643000000
0.7367000000	49.8514000000
0.7541000000	50.8386000000
0.7715000000	51.8258000000
0.7890000000	52.8130000000
0.8064000000	54.2937000000
0.8237000000	55.2809000000
0.8413000000	56.2681000000
0.8587000000	57.2553000000
0.8761000000	58.2425000000
0.8936000000	59.2297000000
0.9110000000	60.2169000000
0.9284000000	61.6975000000
0.9285000000	62.1910000000
0.9459000000	62.6846000000
0.9633000000	63.6719000000
0.9807000000	64.6591000000
0.9982000000	65.1528000000
1.0156000000	66.1400000000
1.0330000000	67.1272000000
1.0505000000	68.1144000000
1.0679000000	69.1016000000
1.0853000000	69.5953000000
1.1028000000	70.5825000000
1.1202000000	71.5697000000
1.1376000000	72.0634000000
1.1551000000	73.0506000000
1.1724000000	74.0378000000
1.1899000000	75.0250000000
1.2074000000	75.5187000000
1.2248000000	76.5059000000
1.2422000000	76.9996000000
1.2597000000	77.9868000000
1.2771000000	78.4805000000
1.2945000000	79.4676000000
1.3119000000	80.4548000000
1.3294000000	80.9485000000
1.3468000000	81.9357000000
1.3642000000	82.4294000000
1.3817000000	83.4166000000
1.3991000000	83.9102000000
1.4165000000	84.8975000000
1.4340000000	85.3912000000
1.4514000000	85.8849000000
1.4687000000	86.8721000000
1.4862000000	87.3658000000
1.4863000000	87.8593000000
1.5037000000	88.3530000000
1.5211000000	88.8467000000
1.5385000000	89.3404000000
1.5560000000	89.8340000000
1.5734000000	90.8213000000
1.5908000000	91.3150000000
1.6082000000	91.8087000000
1.6257000000	92.3024000000
1.6431000000	93.2896000000
1.6604000000	93.7833000000
1.6780000000	94.2770000000
1.6954000000	94.7707000000
1.7128000000	95.2644000000
1.7303000000	95.7582000000
1.7477000000	96.2519000000
1.7651000000	97.2389000000
1.7825000000	97.7328000000
1.8000000000	98.2265000000
1.8174000000	98.7202000000
1.8348000000	99.2139000000
1.8523000000	99.7076000000
1.8697000000	100.2013000000
1.8871000000	100.6949000000
1.9045000000	101.1887000000
1.9220000000	101.1889000000
1.9394000000	101.1891000000
1.9567000000	101.6827000000
1.9742000000	102.1764000000
1.9917000000	102.6702000000
2.0091000000	103.1639000000
2.0265000000	103.6576000000
2.0439000000	104.1513000000
2.0614000000	104.6450000000
2.0788000000	105.1387000000
2.0962000000	105.6324000000
2.1137000000	106.1261000000
2.1311000000	106.6198000000
2.1485000000	107.1136000000
2.1659000000	107.6073000000
2.1834000000	107.6075000000
2.2008000000	108.1012000000
2.2182000000	108.5949000000
2.2356000000	109.0886000000
2.2530000000	109.5823000000
2.2705000000	110.0760000000
2.2879000000	110.5697000000
2.3054000000	111.0634000000
2.3228000000	111.5571000000
2.3402000000	112.0508000000
2.3576000000	112.0510000000
2.3751000000	112.5447000000
2.3925000000	113.0384000000
2.4099000000	113.5321000000
2.4273000000	114.0258000000
2.4447000000	114.5194000000
2.4622000000	115.0132000000
2.4796000000	115.0135000000
2.4969000000	115.5072000000
2.5145000000	116.0009000000
2.5319000000	116.0011000000
2.5493000000	116.4948000000
2.5667000000	116.9885000000
2.5842000000	116.9887000000
2.6016000000	117.4824000000
2.6190000000	117.9761000000
2.6364000000	117.9763000000
2.6539000000	118.4700000000
2.6713000000	118.9637000000
2.6886000000	118.9639000000
2.7061000000	119.4576000000
2.7236000000	119.4579000000
2.7410000000	119.9516000000
2.7584000000	120.4453000000
2.7758000000	120.4455000000
2.7933000000	120.9392000000
2.8107000000	121.4329000000
2.8281000000	121.4331000000
2.8456000000	121.9268000000
2.8630000000	122.4205000000
2.8803000000	122.4207000000
2.8978000000	122.9144000000
2.9153000000	122.9146000000
2.9327000000	123.4083000000
2.9501000000	123.4086000000
2.9675000000	123.9022000000
2.9849000000	124.3960000000
3.0024000000	124.3961000000
3.0198000000	124.8899000000
3.0372000000	125.3836000000
3.0547000000	125.3838000000
3.0721000000	125.8775000000
3.0895000000	125.8777000000
3.1069000000	126.3714000000
3.1244000000	126.8651000000
3.1418000000	126.8654000000
3.1592000000	127.3591000000
3.1766000000	127.3593000000
3.1941000000	127.8530000000
3.2115000000	127.8532000000
3.2288000000	128.3469000000
3.2463000000	128.3471000000
3.2638000000	128.8408000000
3.2812000000	129.3345000000
3.2986000000	129.3347000000
3.3160000000	129.8284000000
3.3335000000	129.8287000000
3.3509000000	130.3224000000
3.3683000000	130.3226000000
3.3857000000	130.8163000000
3.4032000000	130.8165000000
3.4205000000	131.3102000000
3.4380000000	131.3104000000
3.4554000000	131.8041000000
3.4727000000	131.8043000000
3.4903000000	131.8045000000
3.5077000000	132.2982000000
3.5251000000	132.7919000000
3.5425000000	132.7922000000
3.5600000000	132.7924000000
3.5774000000	133.2861000000
3.5948000000	133.2863000000
3.6122000000	133.7800000000
3.6297000000	133.7802000000
3.6471000000	133.7804000000
3.6644000000	134.2741000000
3.6819000000	134.2743000000
3.6994000000	134.7681000000
3.7168000000	134.7683000000
3.7342000000	134.7685000000
3.7516000000	135.2622000000
3.7691000000	135.2624000000
3.7865000000	135.7561000000
3.8039000000	135.7563000000
3.8213000000	136.2500000000
3.8388000000	136.2502000000
3.8561000000	136.2505000000
3.8736000000	136.7442000000
3.8910000000	136.7444000000
3.9083000000	136.7446000000
3.9259000000	137.2383000000
3.9433000000	137.2385000000
3.9607000000	137.2387000000
3.9781000000	137.7324000000
3.9956000000	137.7326000000
4.0130000000	137.7328000000
4.0304000000	138.2266000000
4.0478000000	138.2268000000
4.0653000000	138.2270000000
4.0827000000	138.7207000000
4.1001000000	138.7208000000
4.1175000000	138.7210000000
4.1350000000	139.2147000000
4.1524000000	139.2150000000
4.1698000000	139.2153000000
4.1872000000	139.7090000000
4.2046000000	139.7092000000
4.2221000000	139.7094000000
4.2395000000	140.2031000000
4.2569000000	140.2033000000
4.2743000000	140.2035000000
4.2918000000	140.2037000000
4.3092000000	140.6974000000
4.3266000000	140.6977000000
4.3439000000	140.6979000000
4.3615000000	141.1916000000
4.3789000000	141.1918000000
4.3963000000	141.1920000000
4.4137000000	141.1922000000
4.4312000000	141.6859000000
4.4485000000	141.6861000000
4.4660000000	141.6864000000
4.4834000000	141.6865000000
4.5008000000	142.1803000000
4.5183000000	142.1804000000
4.5356000000	142.1807000000
4.5531000000	142.1809000000
4.5705000000	142.6745000000
4.5880000000	142.6747000000
4.6054000000	142.6750000000
4.6228000000	142.6753000000
4.6402000000	143.1690000000
4.6577000000	143.1692000000
4.6751000000	143.1694000000
4.6925000000	143.1696000000
4.7099000000	143.6633000000
4.7273000000	143.6635000000
4.7448000000	143.6637000000
4.7622000000	143.6640000000
4.7795000000	144.1577000000
4.7970000000	144.1579000000
4.8145000000	144.1581000000
4.8319000000	144.1583000000
4.8493000000	144.6520000000
4.8667000000	144.6522000000
4.8841000000	144.6524000000
4.9016000000	144.6526000000
4.9190000000	145.1464000000
4.9364000000	145.1466000000
4.9538000000	145.1468000000
4.9713000000	145.1470000000
4.9887000000	145.6407000000
5.0061000000	145.6409000000
5.0235000000	146.1346000000
5.0410000000	146.1348000000
5.0584000000	146.1351000000
5.0758000000	146.1353000000
5.0932000000	146.6290000000
5.1107000000	146.6292000000
5.1280000000	146.6294000000
5.1455000000	146.6296000000
5.1629000000	146.6298000000
5.1804000000	147.1235000000
5.1978000000	147.1238000000
5.2152000000	147.1240000000
5.2326000000	147.1242000000
5.2500000000	147.6179000000
5.2675000000	147.6181000000
5.2849000000	147.6183000000
5.3023000000	147.6185000000
5.3197000000	147.6187000000
5.3372000000	148.1125000000
5.3546000000	148.1127000000
5.3719000000	148.1129000000
5.3894000000	148.1131000000
5.4069000000	148.6068000000
5.4243000000	148.6070000000
5.4417000000	148.6072000000
5.4591000000	148.6074000000
5.4765000000	148.6077000000
5.4940000000	149.1014000000
5.5114000000	149.1016000000
5.5288000000	149.1018000000
5.5462000000	149.1020000000
5.5636000000	149.1022000000
5.5811000000	149.5958000000
5.5985000000	149.5960000000
5.6159000000	149.5964000000
5.6333000000	149.5966000000
5.6508000000	149.5968000000
5.6682000000	150.0905000000
5.6856000000	150.0907000000
5.7029000000	150.0909000000
5.7205000000	150.0911000000
5.7379000000	150.0914000000
5.7553000000	150.5851000000
5.7727000000	150.5853000000
5.7901000000	150.5855000000
5.8075000000	150.5857000000
5.8250000000	150.5859000000
5.8424000000	151.0796000000
5.8598000000	151.0798000000
5.8773000000	151.0800000000
5.8947000000	151.0803000000
5.9121000000	151.0805000000
5.9295000000	151.5742000000
5.9470000000	151.5744000000
5.9644000000	151.5746000000
5.9818000000	151.5748000000
5.9992000000	151.5750000000
6.0166000000	152.0687000000
6.0341000000	152.0690000000
6.0515000000	152.0692000000
6.0689000000	152.0694000000
6.0863000000	152.5631000000
6.1038000000	152.5633000000
6.1212000000	152.5635000000
6.1386000000	152.5636000000
6.1560000000	152.5640000000
6.1734000000	152.5642000000
6.1909000000	152.5644000000
6.2083000000	153.0581000000
6.2257000000	153.0583000000
6.2431000000	153.0585000000
6.2606000000	153.0587000000
6.2780000000	153.5524000000
6.2953000000	153.5527000000
6.3128000000	153.5529000000
6.3303000000	153.5531000000
6.3477000000	153.5533000000
6.3651000000	153.5535000000
6.3825000000	153.5537000000
6.3999000000	153.5539000000
6.4174000000	154.0476000000
6.4348000000	154.0479000000
6.4522000000	154.0481000000
6.4696000000	154.0483000000
6.4870000000	154.0485000000
6.5045000000	154.5422000000
6.5219000000	154.5424000000
6.5393000000	154.5426000000
6.5567000000	154.5429000000
6.5742000000	154.5431000000
6.5916000000	154.5433000000
6.6090000000	155.0370000000
6.6263000000	155.0372000000
6.6439000000	155.0374000000
6.6613000000	155.0376000000
6.6787000000	155.0378000000
6.6961000000	155.0381000000
6.7135000000	155.0383000000
6.7309000000	155.5320000000
6.7484000000	155.5322000000
6.7658000000	155.5324000000
6.7832000000	155.5326000000
6.8007000000	155.5328000000
6.8181000000	155.5331000000
6.8355000000	155.5333000000
6.8529000000	156.0270000000
6.8704000000	156.0272000000
6.8878000000	156.0274000000
6.9052000000	156.0276000000
6.9226000000	156.0278000000
6.9400000000	156.0280000000
6.9575000000	156.0283000000
6.9748000000	156.0285000000
6.9923000000	156.5222000000
7.0097000000	156.5224000000
7.0272000000	156.5226000000
7.0446000000	156.5228000000
7.0620000000	156.5230000000
7.0794000000	156.5232000000
7.0968000000	156.5234000000
7.1143000000	157.0172000000
7.1317000000	157.0174000000
7.1491000	157.01760000
7.1665000	157.01780000
7.1840000	157.01800000
7.2014000	157.01820000
7.2187000	157.01850000
7.2362000	157.01870000
7.2536000	157.01890000
7.2711000	157.51260000
7.2885000	157.51280000
7.3059000	157.51300000
7.3233000	157.51310000
7.3408000	157.51350000
7.3582000	157.51370000
7.3756000	157.51390000
7.3930000	157.51410000
7.4104000	158.00780000
7.4279000	158.00800000
7.4453000	158.00820000
7.4627000	158.00850000
7.4801000	158.00870000
7.4976000	158.00890000
7.5150000	158.00910000
7.5324000	158.00930000
7.5497000	158.00950000
7.5672000	158.50320000
7.5847000	158.50340000
7.6021000	158.50370000
7.6195000	158.50390000
7.6369000	158.50410000
7.6543000	158.50430000
7.6718000	158.50450000
7.6892000	158.50470000
7.7066000	158.50490000
7.7240000	158.99870000
7.7415000	158.99890000
7.7589000	158.99900000
7.7763000	158.99920000
7.7936000	158.99950000
7.8112000	158.99970000
7.8286000	158.99990000
7.8460000	159.00020000
7.8634000	159.00040000
7.8808000	159.00060000
7.8982000	159.49430000
7.9157000	159.49450000
7.9331000	159.49470000
7.9505000	159.49490000
7.9680000	159.49500000
7.9854000	159.49540000
8.0028000	159.49560000
8.0202000	159.49580000
8.0376000	159.49600000
8.0551000	159.49620000
8.0725000	159.98990000
8.0899000	159.99010000
8.1073000	159.99040000
8.1248000	159.99060000
8.1421000	159.99080000
8.1596000	159.99100000
8.1770000	159.99120000
8.1944000	159.99140000
8.2119000	159.99160000
8.2293000	159.99190000
8.2467000	160.48560000
8.2641000	160.48580000
8.2816000	160.48600000
8.2990000	160.48620000
8.3164000	160.48640000
8.3338000	160.48660000
8.3512000	160.48680000
8.3687000	160.48700000
8.3860000	160.48730000
8.4035000	160.48750000
8.4209000	160.98110000
8.4384000	160.98140000
8.4558000	160.98160000
8.4732000	160.98180000
8.4906000	160.98210000
8.5080000	160.98230000
8.5255000	160.98250000
8.5429000	160.98270000
8.5603000	160.98280000
8.5777000	161.47660000
8.5952000	161.47680000
8.6126000	161.47710000
8.6300000	161.47730000
8.6474000	161.47750000
8.6648000	161.47770000
8.6823000	161.47790000
8.6997000	161.47810000
8.7170000	161.47830000
8.7345000	161.47860000
8.7520000	161.47880000
8.7694000	161.47900000
8.7868000	161.47920000
8.8042000	161.97290000
8.8216000	161.97310000
8.8391000	161.97330000
8.8565000	161.97360000
8.8739000	161.97380000
8.8913000	161.97400000
8.9088000	161.97420000
8.9262000	161.97440000
8.9436000	161.97460000
8.9609000	161.97480000
8.9784000	161.97500000
8.9959000	161.97520000
9.0133000	162.46890000
9.0307000	162.46920000
9.0481000	162.46940000
9.0656000	162.46960000
9.0830000	162.46980000
9.1004000	162.47010000
9.1178000	162.47030000
9.1352000	162.47050000
9.1527000	162.47070000
9.1701000	162.47080000
9.1875000	162.47110000
9.2049000	162.47130000
9.2224000	162.96490000
9.2398000	162.96530000
9.2572000	162.96550000
9.2746000	162.96570000
9.2920000	162.96590000
9.3094000	162.96610000
9.3269000	162.96630000
9.3443000	162.96660000
9.3617000	162.96680000
9.3791000	162.96700000
9.3966000	162.96720000
9.4140000	162.96740000
9.4314000	163.46110000
9.4487000	163.46130000
9.4663000	163.46150000
9.4837000	163.46180000
9.5011000	163.46200000
9.5185000	163.46220000
9.5359000	163.46240000
9.5534000	163.46260000
9.5708000	163.46280000
9.5882000	163.46300000
9.6056000	163.46330000
9.6231000	163.46350000
9.6404000	163.95720000
9.6579000	163.95740000
9.6753000	163.95760000
9.6928000	163.95780000
9.7102000	163.95800000
9.7276000	163.95830000
9.7450000	163.95850000
9.7624000	163.95860000
9.7799000	163.95880000
9.7973000	163.95900000
9.8147000	163.95930000
9.8321000	163.95950000
9.8495000	163.95980000
9.8670000	163.96000000
9.8843000	164.45370000
9.9018000	164.45390000
9.9192000	164.45410000
9.9367000	164.45430000
9.9541000	164.45450000
9.9715000	164.45480000
9.9889000	164.45500000
10.0063000	164.45520000
10.0238000	164.45540000
10.0412000	164.45560000
10.0586000	164.45580000
10.0760000	164.45600000
10.0935000	164.45630000
10.1109000	164.45650000
10.1283000	164.95020000
10.1457000	164.95040000
10.1631000	164.95060000
10.1806000	164.95080000
10.1980000	164.95100000
10.2154000	164.95130000
10.2328000	164.95150000
10.2503000	164.95170000
10.2677000	164.95190000
10.2851000	164.95210000
10.3025000	164.95230000
10.3199000	164.95250000
10.3374000	164.95270000
10.3548000	164.95290000
10.3721000	164.95320000
10.3896000	165.44690000
10.4071000	165.44710000
10.4245000	165.44730000
10.4419000	165.44750000
10.4593000	165.44780000
10.4767000	165.44800000
10.4942000	165.44820000
10.5116000	165.44840000
10.5290000	165.44850000
10.5464000	165.44870000
10.5638000	165.44900000
10.5813000	165.44930000
10.5987000	165.44950000
10.6160000	165.44970000
10.6335000	165.44990000
10.6510000	165.45010000
10.6684000	165.45030000
10.6858000	165.94400000
10.7032000	165.94420000
10.7206000	165.94450000
10.7381000	165.94470000
10.7555000	165.94490000
10.7729000	165.94510000
10.7903000	165.94530000
10.8077000	165.94550000
10.8252000	165.94580000
10.8426000	165.94600000
10.8599000	165.94620000
10.8774000	165.94640000
10.8949000	165.94660000
10.9123000	165.94680000
10.9297000	165.94700000
10.9471000	165.94730000
10.9646000	165.94750000
10.9820000	165.94770000
10.9994000	166.44140000
11.0168000	166.44160000
11.0342000	166.44180000
11.0517000	166.44200000
11.0691000	166.44230000
11.0865000	166.44250000
11.1039000	166.44260000
11.1214000	166.44290000
11.1388000	166.44310000
11.1562000	166.44330000
11.1736000	166.44350000
11.1910000	166.44380000
11.2085000	166.44400000
11.2259000	166.44420000
11.2433000	166.44440000
11.2607000	166.44450000
11.2781000	166.44470000
11.2955000	166.44500000
11.3130000	166.93860000
11.3304000	166.93900000
11.3477000	166.93920000
11.3653000	166.93940000
11.3827000	166.93960000
11.4001000	166.93980000
11.4175000	166.94000000
11.4349000	166.94030000
11.4524000	166.94050000
11.4698000	166.94070000
11.4872000	166.94090000
11.5046000	166.94110000
11.5221000	166.94130000
11.5394000	166.94150000
11.5569000	166.94180000
11.5743000	166.94200000
11.5917000	166.94220000
11.6092000	166.94240000
11.6266000	166.94260000
11.6440000	167.43630000
11.6614000	167.43650000
11.6789000	167.43680000
11.6963000	167.43700000
11.7137000	167.43720000
11.7311000	167.43740000
11.7485000	167.43760000
11.7660000	167.43780000
11.7833000	167.43800000
11.8008000	167.43830000
11.8182000	167.43850000
11.8356000	167.43860000
11.8531000	167.43890000
11.8705000	167.43910000
11.8879000	167.43930000
11.9053000	167.43950000
11.9228000	167.43980000
11.9402000	167.44000000
11.9576000	167.44020000
11.9750000	167.44040000
11.9924000	167.93410000
12.0099000	167.93430000
12.0273000	167.93440000
12.0447000	167.93480000
12.0621000	167.93500000
12.0796000	167.93520000
12.0970000	167.93540000
12.1144000	167.93560000
12.1318000	167.93580000
12.1492000	167.93600000
12.1667000	167.93630000
12.1841000	167.93650000
12.2015000	167.93670000
12.2189000	167.93690000
12.2364000	167.93710000
12.2538000	167.93730000
12.2711000	167.93750000
12.2886000	167.93780000
12.3060000	167.93800000
12.3235000	167.93820000
12.3409000	168.43190000
12.3583000	168.43210000
12.3757000	168.43230000
12.3932000	168.43250000
12.4106000	168.43280000
12.4280000	168.43300000
12.4454000	168.43320000
12.4628000	168.43340000
12.4803000	168.43360000
12.4977000	168.43380000
12.5151000	168.43400000
12.5325000	168.43430000
12.5499000	168.43440000
12.5674000	168.43460000
12.5848000	168.43490000
12.6021000	168.43510000
12.6196000	168.43530000
12.6371000	168.43550000
12.6545000	168.43580000
12.6719000	168.43600000
12.6893000	168.43620000
12.7067000	168.92990000
12.7242000	168.93010000
12.7416000	168.93030000
12.7590000	168.93040000
12.7764000	168.93080000
12.7939000	168.93100000
12.8113000	168.93120000
12.8287000	168.93140000
12.8460000	168.93160000
12.8635000	168.93180000
12.8810000	168.93200000
12.8984000	168.93230000
12.9158000	168.93250000
12.9332000	168.93270000
12.9506000	168.93290000
12.9681000	168.93310000
12.9855000	168.93330000
13.0029000	168.93360000
13.0203000	168.93380000
13.0378000	168.93400000
13.0552000	168.93420000
13.0726000	169.42790000
13.0900000	169.42810000
13.1075000	169.42830000
13.1249000	169.42850000
13.1423000	169.42880000
13.1597000	169.42900000
13.1771000	169.42920000
13.1945000	169.42940000
13.2120000	169.42960000
13.2294000	169.42980000
13.2468000	169.43000000
13.2642000	169.43030000
13.2817000	169.43040000
13.2991000	169.43070000
13.3165000	169.43090000
13.3338000	169.43110000
13.3514000	169.43130000
13.3688000	169.43160000
13.3862000	169.43180000
13.4036000	169.43200000
13.4210000	169.43220000
13.4385000	169.43240000
13.4559000	169.43250000
13.4733000	169.43280000
13.4907000	169.92640000
13.5082000	169.92680000
13.5255000	169.92700000
13.5430000	169.92720000
13.5604000	169.92740000
13.5777000	169.92760000
13.5953000	169.92780000
13.6127000	169.92810000
13.6301000	169.92830000
13.6475000	169.92850000
13.6649000	169.92870000
13.6824000	169.92890000
13.6998000	169.92910000
13.7172000	169.92930000
13.7346000	169.92960000
13.7521000	169.92980000
13.7694000	169.93000000
13.7869000	169.93020000
13.8043000	169.93040000
13.8216000	169.93060000
13.8392000	169.93080000
13.8566000	169.93110000
13.8740000	169.93130000
13.8914000	169.93150000
13.9089000	169.93170000
13.9263000	170.42540000
13.9437000	170.42560000
13.9611000	170.42580000
13.9785000	170.42610000
13.9960000	170.42630000
14.0134000	170.42640000
14.0308000	170.42670000
14.0482000	170.42690000
14.0657000	170.42710000
14.0831000	170.42730000
14.1005000	170.42760000
14.1179000	170.42780000
14.1353000	170.42800000
14.1528000	170.42820000
14.1702000	170.42840000
14.1876000	170.42850000
14.2050000	170.42880000
14.2224000	170.42910000
14.2399000	170.42930000
14.2572000	170.42950000
14.2747000	170.42970000
14.2921000	170.42990000
14.3096000	170.43010000
14.3270000	170.43040000
14.3444000	170.43060000
14.3618000	170.43080000
14.3792000	170.43100000
14.3967000	170.43120000
14.4141000	170.43140000
14.4315000	170.92510000
14.4489000	170.92530000
14.4664000	170.92560000
14.4838000	170.92580000
14.5011000	170.92600000
14.5186000	170.92620000
14.5360000	170.92640000
14.5535000	170.92660000
14.5709000	170.92680000
14.5883000	170.92710000
14.6057000	170.92730000
14.6231000	170.92750000
14.6406000	170.92770000
14.6580000	170.92790000
14.6754000	170.92810000
14.6928000	170.92840000
14.7103000	170.92850000
14.7277000	170.92870000
14.7450000	170.92900000
14.7625000	170.92920000
14.7799000	170.92940000
14.7974000	170.92960000
14.8148000	170.92990000
14.8322000	170.93010000
14.8496000	170.93030000
14.8671000	170.93040000
14.8845000	170.93060000
14.9019000	170.93080000
14.9193000	170.93110000
14.9367000	171.42490000
14.9542000	171.42510000
14.9716000	171.42530000
14.9889000	171.42550000
15.0064000	171.42570000
15.0239000	171.42590000
15.0413000	171.42610000
15.0587000	171.42640000
15.0761000	171.42660000
15.0935000	171.42680000
15.1110000	171.42700000
15.1284000	171.42720000
15.1458000	171.42740000
15.1632000	171.42760000
15.1806000	171.42790000
15.1981000	171.42810000
15.2155000	171.42830000
15.2328000	171.42850000
15.2503000	171.42870000
15.2678000	171.42890000
15.2852000	171.42920000
15.3026000	171.42940000
15.3200000	171.42960000
15.3374000	171.42980000
15.3549000	171.43000000
15.3723000	171.43020000
15.3897000	171.43040000
15.4071000	171.43070000
15.4245000	171.43090000
15.4420000	171.43110000
15.4594000	171.43130000
15.4768000	171.43150000
15.4942000	171.43170000
15.5117000	171.43190000
15.5291000	171.43220000
15.5465000	171.43240000
15.5638000	171.43250000
15.5813000	171.43280000
15.5988000	171.43300000
15.6162000	171.43320000
15.6336000	171.92680000
15.6510000	171.92720000
15.6684000	171.92740000
15.6859000	171.92760000
15.7033000	171.92780000
15.7207000	171.92800000
15.7381000	171.92820000
15.7556000	171.92840000
15.7730000	171.92870000
15.7904000	171.92890000
15.8077000	171.92910000
15.8253000	171.92930000
15.8427000	171.92950000
15.8601000	171.92970000
15.8775000	171.92990000
15.8949000	171.93020000
15.9123000	171.93040000
15.9298000	171.93060000
15.9472000	171.93080000
15.9646000	171.93100000
15.9820000	171.93120000
15.9995000	171.93150000
16.0169000	171.93170000
16.0343000	171.93190000
16.0517000	171.93210000
16.0692000	171.93230000
16.0866000	171.93250000
16.1040000	171.93270000
16.1214000	171.93300000
16.1388000	171.93320000
16.1562000	171.93340000
16.1737000	171.93360000
16.1911000	171.93380000
16.2085000	171.93400000
16.2259000	171.93420000
16.2434000	171.93440000
16.2608000	171.93460000
16.2782000	171.93480000
16.2955000	171.93510000
16.3131000	172.42880000
16.3305000	172.42900000
16.3479000	172.42920000
16.3653000	172.42950000
16.3827000	172.42970000
16.4002000	172.42990000
16.4176000	172.43010000
16.4350000	172.43030000
16.4524000	172.43040000
16.4699000	172.43070000
16.4873000	172.43100000
16.5047000	172.43120000
16.5221000	172.43140000
16.5394000	172.43160000
16.5570000	172.43180000
16.5744000	172.43200000
16.5918000	172.43220000
16.6092000	172.43250000
16.6267000	172.43270000
16.6441000	172.43290000
16.6615000	172.43310000
16.6789000	172.43330000
16.6963000	172.43350000
16.7138000	172.43380000
16.7311000	172.43400000
16.7486000	172.43420000
16.7660000	172.43440000
16.7833000	172.43460000
16.8009000	172.43480000
16.8183000	172.43500000
16.8357000	172.43530000
16.8531000	172.43550000
16.8706000	172.43570000
16.8880000	172.43590000
16.9054000	172.43610000
16.9228000	172.43630000
16.9402000	172.43650000
16.9577000	172.43680000
16.9750000	172.43700000
16.9925000	172.43720000
17.0099000	172.43740000
17.0273000	172.43760000
17.0448000	172.43780000
17.0622000	172.43810000
17.0796000	172.43830000
17.0970000	172.93200000
17.1145000	172.93220000
17.1319000	172.93240000
17.1493000	172.93250000
17.1667000	172.93270000
17.1841000	172.93300000
17.2016000	172.93330000
17.2190000	172.93350000
17.2364000	172.93370000
17.2538000	172.93390000
17.2713000	172.93410000
17.2887000	172.93430000
17.3061000	172.93460000
17.3235000	172.93480000
17.3409000	172.93500000
17.3584000	172.93520000
17.3758000	172.93540000
17.3932000	172.93560000
17.4106000	172.93580000
17.4281000	172.93610000
17.4455000	172.93630000
17.4628000	172.93650000
17.4803000	172.93670000
17.4977000	172.93690000
17.5152000	173.43060000
17.5326000	173.43080000
17.5500000	173.43100000
17.5674000	173.43130000
17.5849000	173.43150000
17.6023000	173.43170000
17.6197000	173.43190000
17.6371000	173.43210000
17.6545000	173.43230000
17.6720000	173.43250000
17.6894000	173.43280000
17.7067000	173.43300000
17.7242000	173.43320000
17.7416000	173.43340000
17.7591000	173.43360000
17.7765000	173.43380000
17.7939000	173.43410000
17.8113000	173.43430000
17.8288000	173.43440000
17.8462000	173.43460000
17.8636000	173.43490000
17.8810000	173.43510000
17.8984000	173.43530000
17.9159000	173.43560000
17.9333000	173.43580000
17.9506000	173.43600000
17.9681000	173.43620000
17.9855000	173.43640000
18.0030000	173.43650000
18.0204000	173.43690000
18.0378000	173.43710000
18.0552000	173.43730000
18.0727000	173.43750000
18.0901000	173.43770000
18.1075000	173.93140000
18.1249000	173.93160000
18.1423000	173.93180000
18.1598000	173.93210000
18.1772000	173.93230000
18.1945000	173.93250000
18.2120000	173.93270000
18.2295000	173.93290000
18.2469000	173.93310000
18.2643000	173.93330000
18.2817000	173.93360000
18.2991000	173.93380000
18.3166000	173.93400000
18.3340000	173.93420000
18.3514000	173.93440000
18.3688000	173.93460000
18.3862000	173.93480000
18.4037000	173.93510000
18.4211000	173.93530000
18.4385000	173.93550000
18.4559000	173.93570000
18.4734000	173.93590000
18.4908000	173.93610000
18.5082000	173.93640000
18.5255000	173.93650000
18.5430000	173.93670000
18.5605000	173.93700000
18.5779000	173.93720000
18.5953000	173.93740000
18.6127000	173.93760000
18.6301000	173.93790000
18.6476000	173.93810000
18.6650000	173.93830000
18.6824000	173.93850000
18.6998000	173.93860000
18.7173000	173.93880000
18.7347000	173.93920000
18.7521000	173.93940000
18.7694000	173.93960000
18.7869000	173.93980000
18.8044000	173.94000000
18.8218000	173.94020000
18.8392000	173.94040000
18.8566000	173.94070000
18.8740000	173.94090000
18.8915000	173.94110000
18.9089000	173.94130000
18.9263000	173.94150000
18.9437000	173.94170000
18.9612000	173.94190000
18.9786000	173.94220000
18.9960000	173.94240000
19.0134000	173.94260000
19.0309000	173.94280000
19.0483000	173.94300000
19.0657000	173.94320000
19.0831000	173.94350000
19.1005000	173.94370000
19.1179000	173.94390000
19.1354000	173.94410000
19.1528000	174.43780000
19.1702000	174.43800000
19.1877000	174.43820000
19.2051000	174.43840000
19.2225000	174.43860000
19.2399000	174.43890000
19.2572000	174.43910000
19.2748000	174.43930000
19.2922000	174.43950000
19.3096000	174.43970000
19.3270000	174.43990000
19.3444000	174.44020000
19.3618000	174.44040000
19.3793000	174.44050000
19.3967000	174.44080000
19.4141000	174.44100000
19.4316000	174.44120000
19.4490000	174.44150000
19.4664000	174.44170000
19.4838000	174.44190000
19.5011000	174.44210000
19.5187000	174.44230000
19.5361000	174.44250000
19.5535000	174.44260000
19.5709000	174.44300000
19.5883000	174.44320000
19.6058000	174.44340000
19.6232000	174.44360000
19.6406000	174.44380000
19.6580000	174.44400000
19.6755000	174.44420000
19.6928000	174.44450000
19.7103000	174.44470000
19.7277000	174.44490000
19.7450000	174.44510000
19.7626000	174.44530000
19.7800000	174.44550000
19.7974000	174.44580000
19.8148000	174.44600000
19.8322000	174.44620000
19.8497000	174.44640000
19.8671000	174.44660000
19.8845000	174.44680000
19.9019000	174.44700000
19.9194000	174.44730000
19.9367000	174.44750000
19.9542000	174.44770000
19.9716000	174.44790000
19.9889000	174.44810000
20.0065000	174.44830000
20.0454000	173.66480000
20.1498000	174.15850000
20.2543000	174.15860000
20.3588000	174.15880000
20.4634000	174.15890000
20.5678000	174.15900000
20.6724000	174.15910000
20.7770000	174.15920000
20.8813000	174.65290000
20.9859000	174.65310000
21.0904000	174.65320000
21.1949000	174.65330000
21.2995000	174.65340000
21.4040000	174.65350000
21.5085000	174.65360000
21.6131000	174.65370000
21.7176000	174.65380000
21.8221000	174.65390000
21.9266000	174.65400000
22.0312000	174.65410000
22.1357000	174.65420000
22.2402000	174.65430000
22.3446000	175.14810000
22.4491000	175.14820000
22.5537000	175.14820000
22.6582000	175.14840000
22.7627000	175.14850000
22.8673000	175.14860000
22.9718000	175.14880000
23.0763000	175.14890000
23.1809000	175.14900000
23.2854000	175.14910000
23.3899000	175.14920000
23.4944000	175.14930000
23.5990000	175.14940000
23.7035000	175.14950000
23.8080000	175.14960000
23.9125000	175.14970000
24.0171000	175.14980000
24.1215000	175.64360000
24.2260000	175.64370000
24.3305000	175.64380000
24.4351000	175.64390000
24.5396000	175.64400000
24.6441000	175.64410000
24.7487000	175.64420000
24.8532000	175.64420000
24.9577000	175.64440000
25.0622000	175.64460000
25.1668000	175.64470000
25.2713000	175.64480000
25.3758000	175.64490000
25.4804000	175.64500000
25.5849000	175.64510000
25.6894000	175.64520000
25.7939000	175.64530000
25.8982000	176.13910000
26.0029000	176.13920000
26.1074000	176.13930000
26.2119000	176.13940000
26.3165000	176.13950000
26.4210000	176.13960000
26.5255000	176.13970000
26.6300000	176.13980000
26.7346000	176.13990000
26.8391000	176.14000000
26.9436000	176.14020000
27.0482000	176.14030000
27.1527000	176.14040000
27.2572000	176.14050000
27.3617000	176.14060000
27.4663000	176.14070000
27.5708000	176.14080000
27.6753000	176.14090000
27.7799000	176.14100000
27.8843000	176.63480000
27.9888000	176.63490000
28.0933000	176.63500000
28.1978000	176.63510000
28.3024000	176.63520000
28.4069000	176.63530000
28.5114000	176.63540000
28.6160000	176.63550000
28.7205000	176.63560000
28.8250000	176.63570000
28.9295000	176.63590000
29.0341000	176.63600000
29.1386000	176.63600000
29.2431000	176.63620000
29.3477000	176.63620000
29.4522000	176.63640000
29.5567000	176.63640000
29.6613000	176.63660000
29.7658000	176.63670000
29.8702000	177.13050000
29.9747000	177.13060000
30.0792000	177.13070000
30.1838000	177.13080000
30.2883000	177.13090000
30.3928000	177.13100000
30.4973000	177.13110000
30.6019000	177.13120000
30.7064000	177.13130000
30.8109000	177.13140000
30.9155000	177.13160000
31.0200000	177.13170000
31.1245000	177.13180000
31.2291000	177.13190000
31.3336000	177.13200000
31.4381000	177.13200000
31.5426000	177.13220000
31.6472000	177.13230000
31.7517000	177.13240000
31.8561000	177.13250000
31.9606000	177.62630000
32.0651000	177.62630000
32.1697000	177.62650000
32.2742000	177.62660000
32.3787000	177.62670000
32.4833000	177.62680000
32.5878000	177.62690000
32.6923000	177.62700000
32.7969000	177.62710000
32.9014000	177.62730000
33.0059000	177.62740000
33.1104000	177.62750000
33.2150000	177.62760000
33.3195000	177.62770000
33.4240000	177.62780000
33.5286000	177.62790000
33.6331000	177.62800000
33.7376000	177.62800000
33.8422000	177.62820000
33.9466000	177.62820000
34.0511000	178.12210000
34.1556000	178.12220000
34.2601000	178.12230000
34.3647000	178.12240000
34.4692000	178.12250000
34.5737000	178.12260000
34.6782000	178.12270000
34.7828000	178.12280000
34.8873000	178.12300000
34.9918000	178.12310000
35.0964000	178.12320000
35.2009000	178.12330000
35.3054000	178.12340000
35.4100000	178.12350000
35.5145000	178.12360000
35.6190000	178.12370000
35.7235000	178.12380000
35.8281000	178.12390000
35.9325000	178.12400000
36.0371000	178.12410000
36.1417000	178.12420000
36.2462000	178.12440000
36.3507000	178.12450000
36.4552000	178.12460000
36.5596000	178.61830000
36.6642000	178.61830000
36.7687000	178.61850000
36.8732000	178.61870000
36.9778000	178.61880000
37.0823000	178.61890000
37.1868000	178.61900000
37.2913000	178.61910000
37.3959000	178.61920000
37.5004000	178.61930000
37.6049000	178.61940000
37.7095000	178.61950000
37.8140000	178.61960000
37.9184000	178.61970000
38.0230000	178.61980000
38.1276000	178.61990000
38.2321000	178.62000000
38.3366000	178.62020000
38.4412000	178.62020000
38.5457000	178.62040000
38.6502000	178.62050000
38.7548000	178.62060000
38.8593000	178.62070000
38.9638000	178.62080000
39.0683000	178.62090000
39.1727000	179.11470000
39.2772000	179.11480000
39.3818000	179.11490000
39.4863000	179.11500000
39.5908000	179.11510000
39.6954000	179.11520000
39.7999000	179.11530000
39.9043000	179.11540000
40.0090000	179.11550000
40.1135000	179.11560000
40.2180000	179.11580000
40.3226000	179.11590000
40.4271000	179.11600000
40.5316000	179.11610000
40.6360000	179.11620000
40.7407000	179.11630000
40.8452000	179.11640000
40.9497000	179.11650000
41.0543000	179.11660000
41.1588000	179.11670000
41.2633000	179.11680000
41.3679000	179.11690000
41.4724000	179.11700000
41.5769000	179.11720000
41.6814000	179.11730000
41.7860000	179.11740000
41.8904000	179.11750000
41.9950000	179.11760000
42.0996000	179.11770000
42.2041000	179.11780000
42.3086000	179.11790000
42.4131000	179.11790000
42.5177000	179.11810000
42.6221000	179.11820000
42.7266000	179.61200000
42.8311000	179.61200000
42.9357000	179.61220000
43.0402000	179.61220000
43.1447000	179.61240000
43.2492000	179.61250000
43.3538000	179.61260000
43.4583000	179.61270000
43.5628000	179.61290000
43.6674000	179.61300000
43.7719000	179.61310000
43.8763000	179.61320000
43.9809000	179.61330000
44.0855000	179.61340000
44.1900000	179.61350000
44.2945000	179.61360000
44.3991000	179.61370000
44.5036000	179.61380000
44.6080000	179.61390000
44.7127000	179.61390000
44.8172000	179.61410000
44.9217000	179.61410000
45.0262000	179.61430000
45.1308000	179.61450000
45.2353000	179.61460000
45.3397000	179.61470000
45.4444000	179.61480000
45.5489000	179.61490000
45.6534000	179.61500000
45.7580000	179.61510000
45.8625000	179.61520000
45.9670000	179.61530000
46.0715000	179.61540000
46.1761000	179.61550000
46.2806000	179.61560000
46.3851000	179.61580000
46.4897000	179.61590000
46.5941000	179.61600000
46.6987000	179.61600000
46.8032000	179.61620000
46.9078000	179.61620000
47.0123000	179.61640000
47.1168000	179.61650000
47.2214000	179.61660000
47.3258000	180.11040000
47.4303000	180.11050000
47.5348000	180.11060000
47.6393000	180.11070000
47.7439000	180.11080000
47.8484000	180.11090000
47.9529000	180.11100000
48.0575000	180.11110000
48.1620000	180.11120000
48.2665000	180.11130000
48.3710000	180.11150000
48.4756000	180.11160000
48.5800000	180.11170000
48.6846000	180.11180000
48.7892000	180.11180000
48.8937000	180.11200000
48.9982000	180.11210000
49.1028000	180.11220000
49.2073000	180.11230000
49.3118000	180.11240000
49.4163000	180.11250000
49.5209000	180.11260000
49.6254000	180.11270000
49.7299000	180.11290000
49.8345000	180.11300000
49.9390000	180.11310000
50.0435000	180.11320000
50.1481000	180.11330000
50.2526000	180.11340000
50.3571000	180.11350000
50.4616000	180.11360000
50.5662000	180.11370000
50.6707000	180.11380000
50.7752000	180.11390000
50.8798000	180.11400000
50.9843000	180.11410000
51.0888000	180.11420000
51.1933000	180.11440000
51.2979000	180.11450000
51.4024000	180.11460000
51.5069000	180.11470000
51.6115000	180.11480000
51.7160000	180.11490000
51.8205000	180.11500000
51.9251000	180.11510000
52.0296000	180.11520000
52.1341000	180.11530000
52.2386000	180.11540000
52.3432000	180.11550000
52.4477000	180.11560000
52.5522000	180.11580000
52.6568000	180.11590000
52.7612000	180.11600000
52.8658000	180.11610000
52.9703000	180.11620000
53.0749000	180.11630000
53.1794000	180.11640000
53.2839000	180.11650000
53.3885000	180.11660000
53.4929000	180.61040000
53.5974000	180.61050000
53.7019000	180.61060000
53.8064000	180.61070000
53.9110000	180.61080000
54.0155000	180.61090000
54.1200000	180.61100000
54.2246000	180.61110000
54.3291000	180.61120000
54.4336000	180.61130000
54.5381000	180.61150000
54.6427000	180.61160000
54.7471000	180.61170000
54.8517000	180.61180000
54.9563000	180.61180000
55.0608000	180.61200000
55.1653000	180.61200000
55.2699000	180.61220000
55.3744000	180.61220000
55.4788000	180.61240000
55.5834000	180.61250000
55.6880000	180.61260000
55.7925000	180.61270000
55.8970000	180.61290000
56.0016000	180.61300000
56.1061000	180.61310000
56.2106000	180.61320000
56.3152000	180.61330000
56.4197000	180.61340000
56.5242000	180.61350000
56.6287000	180.61360000
56.7332000	180.61370000
56.8378000	180.61380000
56.9423000	180.61390000
57.0469000	180.61390000
57.1514000	180.61410000
57.2559000	180.61430000
57.3604000	180.61430000
57.4647000	181.10810000
57.5694000	181.10820000
57.6739000	181.10830000
57.7784000	181.10840000
57.8830000	181.10860000
57.9875000	181.10870000
58.0920000	181.10880000
58.1965000	181.10890000
58.3011000	181.10900000
58.4056000	181.10910000
58.5101000	181.10920000
58.6147000	181.10930000
58.7191000	181.10940000
58.8237000	181.10950000
58.9282000	181.10960000
59.0328000	181.10970000
59.1373000	181.10980000
59.2418000	181.11000000
59.3464000	181.11010000
59.4509000	181.11020000
59.5554000	181.11030000
59.6600000	181.11040000
59.7645000	181.11050000
59.8690000	181.11060000
59.9735000	181.11070000
60.0781000	181.11080000
60.1826000	181.11090000
60.2871000	181.11100000
60.3917000	181.11110000
60.4962000	181.11120000
60.6007000	181.11130000
60.7053000	181.11150000
60.8098000	181.11160000
60.9143000	181.11170000
61.0188000	181.11180000
61.1234000	181.11180000
61.2279000	181.11200000
61.3324000	181.11210000
61.4370000	181.11220000
61.5415000	181.11230000
61.6460000	181.11240000
61.7505000	181.11250000
61.8551000	181.11260000
61.9596000	181.11270000
62.0641000	181.11290000
62.1687000	181.11300000
62.2732000	181.11310000
62.3777000	181.11320000
62.4823000	181.11330000
62.5868000	181.11340000
62.6913000	181.11350000
62.7957000	181.11360000
62.9003000	181.11370000
63.0049000	181.11380000
63.1094000	181.11390000
63.2140000	181.11400000
63.3185000	181.11410000
63.4230000	181.11430000
63.5276000	181.11440000
63.6320000	181.11450000
63.7366000	181.11460000
63.8411000	181.11470000
63.9457000	181.11480000
64.0502000	181.11490000
64.1547000	181.11500000
64.2593000	181.11510000
64.3638000	181.11520000
64.4683000	181.11530000
64.5728000	181.11540000
64.6774000	181.11550000
64.7819000	181.11560000
64.8864000	181.11580000
64.9910000	181.11590000
65.0955000	181.11600000
65.2000000	181.11610000
65.3046000	181.11620000
65.4091000	181.11630000
65.5135000	181.11640000
65.6181000	181.11650000
65.7227000	181.11660000
65.8272000	181.11670000
65.9317000	181.11680000
66.0363000	181.11690000
66.1408000	181.11700000
66.2452000	181.61080000
66.3497000	181.61090000
66.4542000	181.61100000
66.5588000	181.61110000
66.6633000	181.61120000
66.7678000	181.61130000
66.8723000	181.61150000
66.9769000	181.61160000
67.0814000	181.61170000
67.1859000	181.61180000
67.2905000	181.61180000
67.3950000	181.61200000
67.4995000	181.61200000
67.6040000	181.61220000
67.7086000	181.61220000
67.8131000	181.61240000
67.9177000	181.61250000
68.0222000	181.61260000
68.1267000	181.61270000
68.2312000	181.61290000
68.3357000	181.61300000
68.4403000	181.61310000
68.5448000	181.61320000
68.6494000	181.61330000
68.7539000	181.61340000
68.8584000	181.61350000
68.9628000	181.61360000
69.0675000	181.61370000
69.1720000	181.61380000
69.2765000	181.61390000
69.3811000	181.6139
69.4856000	181.6141
69.5901000	181.6143
69.6947000	181.6143
69.7992000	181.6145
69.9037000	181.6146
70.0082000	181.6147
70.1128000	181.6148
70.2173000	181.6149
70.3218000	181.615
70.4264000	181.6151
70.5309000	181.6152
70.6354000	181.6153
70.7399000	181.6154
70.8445000	181.6155
70.9489000	181.6156
71.0535000	181.6158
71.1581000	181.6159
71.2626000	181.616
71.3671000	181.616
71.4717000	181.6162
71.5762000	181.6162
71.6806000	181.6164
71.7852000	181.6165
71.8898000	181.6166
71.9943000	181.6167
72.0988000	181.6168
72.2034000	181.6169
72.3079000	181.617
72.4123000	181.6172
72.5170000	181.6173
72.6215000	181.6174
72.7260000	181.6175
72.8305000	181.6176
72.9351000	181.6177
73.0396000	181.6178
73.1441000	181.6179
73.2487000	181.6179
73.3532000	181.6181
73.4577000	181.6181
73.5622000	181.6183
73.6667000	181.6183
73.7713000	181.6186
73.8758000	181.6187
73.9804000	181.6188
74.0849000	181.6189
74.1894000	181.619
74.2940000	181.6191
74.3985000	181.6192
74.5030000	181.6193
74.6075000	181.6194
74.7121000	181.6195
74.8166000	181.6196
74.9211000	181.6197
75.0257000	181.6198
75.1302000	181.6199
75.2347000	181.62
75.3393000	181.6202
75.4438000	181.6202
75.5483000	181.6204
75.6528000	181.6205
75.7574000	181.6206
75.8618000	181.6207
75.9664000	181.6208
76.0710000	181.6209
76.1755000	181.621
76.2800000	181.6211
76.3845000	181.6212
76.4891000	181.6213
76.5935000	182.1151
76.6980000	182.1152
76.8025000	182.1153
76.9071000	182.1154
77.0116000	182.1155
77.1161000	182.1156
77.2206000	182.1158
77.3252000	182.1159
77.4297000	182.116
77.5342000	182.1161
77.6388000	182.1162
77.7433000	182.1163
77.8477000	182.1164
77.9523000	182.1165
78.0569000	182.1166
78.1614000	182.1167
78.2659000	182.1168
78.3705000	182.1169
78.4750000	182.117
78.5795000	182.1172
78.6841000	182.1173
78.7886000	182.1174
78.8931000	182.1175
78.9976000	182.1176
79.1022000	182.1177
79.2067000	182.1178
79.3112000	182.1179
79.4158000	182.1179
79.5203000	182.1181
79.6248000	182.1182
79.7294000	182.1183
79.8338000	182.1184
79.9384000	182.1186
80.0429000	182.1187
80.1475000	182.1188
80.2520000	182.1189
80.3565000	182.119
80.4611000	182.1191
80.5655000	182.1192
80.6701000	182.1193
80.7746000	182.1194
80.8792000	182.1195
80.9837000	182.1196
81.0882000	182.1197
81.1928000	182.1198
81.2973000	182.1199
81.4018000	182.1201
81.5064000	182.1202
81.6109000	182.1203
81.7154000	182.1204
81.8199000	182.1205
81.9245000	182.1206
82.0290000	182.1207
82.1335000	182.1208
82.2381000	182.1209
82.3426000	182.121
82.4471000	182.1211
82.5516000	182.1212
82.6562000	182.1213
82.7607000	182.1215
82.8652000	182.1216
82.9698000	182.1217
83.0743000	182.1218
83.1788000	182.1219
83.2833000	182.1219
83.3879000	182.1221
83.4924000	182.1222
83.5969000	182.1223
83.7015000	182.1224
83.8060000	182.1225
83.9104000	182.1226
84.0151000	182.1227
84.1196000	182.1229
84.2241000	182.123
84.3287000	182.1231
84.4332000	182.1232
84.5377000	182.1233
84.6421000	182.1234
84.7468000	182.1235
84.8513000	182.1236
84.9558000	182.1237
85.0604000	182.1238
85.1649000	182.1239
85.2694000	182.124
85.3739000	182.1241
85.4785000	182.1242
85.5830000	182.1244
85.6875000	182.1245
85.7921000	182.1246
85.8965000	182.1247
86.0011000	182.1248
86.1057000	182.1249
86.2102000	182.125
86.3147000	182.1251
86.4192000	182.1252
86.5238000	182.1253
86.6282000	182.1254
86.7328000	182.1255
86.8374000	182.1256
86.9419000	182.1258
87.0464000	182.1259
87.1510000	182.126
87.2555000	182.1261
87.3599000	182.1262
87.4645000	182.1263
87.5691000	182.1264
87.6736000	182.1265
87.7781000	182.1266
87.8827000	182.1267
87.9872000	182.1268
88.0917000	182.1269
88.1962000	182.127
88.3008000	182.1272
88.4053000	182.1273
88.5098000	182.1274
88.6143000	182.1275
88.7189000	182.1276
88.8234000	182.1277
88.9280000	182.1278
89.0325000	182.1279
89.1370000	182.128
89.2415000	182.128
89.3461000	182.1282
89.4506000	182.1283
89.5551000	182.1284
89.6597000	182.1285
89.7642000	182.1287
89.8687000	182.1288
89.9731000	182.1289
90.0778000	182.129
90.1823000	182.1291
90.2868000	182.1292
90.3914000	182.1293
90.4959000	182.1294
90.6004000	182.1295
90.7050000	182.1296
90.8094000	182.1297
90.9140000	182.1298
91.0185000	182.1299
91.1231000	182.1301
91.2276000	182.1302
91.3321000	182.1303
91.4367000	182.1304
91.5412000	182.1305
91.6457000	182.1306
91.7503000	182.1307
91.8548000	182.1308
91.9593000	182.1309
92.0638000	182.131
92.1684000	182.1311
92.2729000	182.1312
92.3774000	182.1313
92.4820000	182.1315
92.5865000	182.1316
92.6909000	182.1317
92.7955000	182.1318
92.9001000	182.1319
93.0046000	182.132
93.1091000	182.132
93.2137000	182.1322
93.3182000	182.1323
93.4227000	182.1324
93.5272000	182.1325
93.6318000	182.1326
93.7363000	182.1327
93.8408000	182.1328
93.9454000	182.133
94.0499000	182.1331
94.1544000	182.1332
94.2590000	182.1333
94.3635000	182.1334
94.4680000	182.1335
94.5726000	182.1336
94.6771000	182.1337
94.7816000	182.1338
94.8860000	182.1339
94.9907000	182.134
95.0952000	182.1341
95.1997000	182.1342
95.3043000	182.1344
95.4088000	182.1345
95.5133000	182.1346
95.6178000	182.1347
95.7224000	182.1348
95.8268000	182.6284
95.9313000	182.6287
96.0358000	182.6288
96.1404000	182.6289
96.2449000	182.629
96.3494000	182.6291
96.4539000	182.6292
96.5585000	182.6293
96.6630000	182.6294
96.7675000	182.6295
96.8721000	182.6296
96.9766000	182.6297
97.0811000	182.6298
97.1856000	182.6299
97.2902000	182.6301
97.3947000	182.6301
97.4992000	182.6303
97.6038000	182.6303
97.7083000	182.6305
97.8128000	182.6306
97.9174000	182.6307
98.0219000	182.6308
98.1264000	182.6309
98.2309000	182.631
98.3355000	182.6311
98.4400000	182.6312
98.5445000	182.6313
98.6491000	182.6315
98.7536000	182.6316
98.8580000	182.6317
98.9627000	182.6318
99.0672000	182.6319
99.1717000	182.632
99.2762000	182.632
99.3808000	182.6322
99.4853000	182.6322
99.5897000	182.6324
99.6944000	182.6324
99.7989000	182.6326
99.9034000	182.6327
100.0079000	182.6329
100.1125000	182.633
100.2170000	182.6331
100.3215000	182.6332
100.4261000	182.6333
100.5306000	182.6334
100.6351000	182.6335
100.7397000	182.6336
100.8441000	182.6337
100.9487000	182.6338
101.0532000	182.6339
101.1578000	182.634
101.2623000	182.6341
101.3668000	182.6341
101.4714000	182.6343
101.5758000	182.6345
101.6804000	182.6346
101.7849000	182.6347
101.8895000	182.6348
101.9940000	182.6349
102.0985000	182.635
102.2031000	182.6351
102.3075000	182.6352
102.4121000	182.6353
102.5167000	182.6354
102.6212000	182.6355
102.7257000	182.6356
102.8302000	182.6358
102.9348000	182.6359
103.0393000	182.636
103.1438000	182.636
103.2484000	182.6362
103.3529000	182.6362
103.4574000	182.6364
103.5620000	182.6364
103.6665000	182.6366
103.7710000	182.6367
103.8755000	182.6368
103.9801000	182.6369
104.0846000	182.637
104.1891000	182.6372
104.2937000	182.6373
104.3982000	182.6374
104.5027000	182.6375
104.6072000	182.6376
104.7118000	182.6377
104.8163000	182.6378
104.9207000	182.6379
105.0254000	182.638
105.1299000	182.6381
105.2344000	182.6381
105.3390000	182.6383
105.4435000	182.6383
105.5480000	182.6385
105.6524000	182.6387
105.7570000	182.6388
105.8616000	182.6389
105.9661000	182.639
106.0707000	182.6391
106.1752000	182.6392
106.2797000	182.6393
106.3843000	182.6394
106.4888000	182.6395
106.5933000	182.6396
106.6978000	182.6397
106.8024000	182.6398
106.9069000	182.6399
107.0114000	182.6401
107.1160000	182.6402
107.2205000	182.6402
107.3250000	182.6404
107.4295000	182.6404
107.5341000	182.6406
107.6385000	182.6407
107.7431000	182.6408
107.8477000	182.6409
107.9522000	182.641
108.0567000	182.6411
108.1613000	182.6412
108.2658000	182.6413
108.3703000	182.6415
108.4748000	182.6416
108.5794000	182.6417
108.6839000	182.6418
108.7884000	182.6419
108.8930000	182.642
108.9975000	182.6421
109.1020000	182.6421
109.2065000	182.6423
109.3111000	182.6423
109.4156000	182.6425
109.5201000	182.6425
109.6247000	182.6427
109.7292000	182.6428
109.8336000	182.643
109.9383000	182.6431
110.0428000	182.6432
110.1473000	182.6433
110.2518000	182.6434
110.3564000	182.6435
110.4609000	182.6436
110.5654000	182.6437
110.6700000	182.6438
110.7745000	182.6439
110.8790000	182.644
110.9836000	182.6441
111.0881000	182.6442
111.1926000	182.6444
111.2971000	182.6444
111.4017000	182.6446
111.5062000	182.6447
111.6107000	182.6448
111.7153000	182.6449
111.8197000	182.645
111.9243000	182.6451
112.0288000	182.6452
112.1334000	182.6453
112.2379000	182.6454
112.3424000	182.6455
112.4470000	182.6456
112.5514000	182.6458
112.6560000	182.6459
112.7606000	182.646
112.8651000	182.6461
112.9696000	182.6461
113.0741000	182.6463
113.1787000	182.6463
113.2832000	182.6465
113.3877000	182.6465
113.4923000	182.6467
113.5968000	182.6468
113.7013000	182.6469
113.8058000	182.647
113.9104000	182.6471
114.0149000	182.6473
114.1194000	182.6474
114.2240000	182.6475
114.3285000	182.6476
114.4330000	182.6477
114.5375000	182.6478
114.6421000	182.6479
114.7466000	182.648
114.8511000	182.6481
114.9557000	182.6482
115.0602000	182.6482
115.1647000	182.6484
115.2692000	182.6484
115.3738000	182.6487
115.4783000	182.6488
115.5829000	182.6489
115.6874000	182.649
115.7919000	182.6491
115.8963000	182.6492
116.0010000	182.6493
116.1055000	182.6494
116.2100000	182.6495
116.3146000	182.6496
116.4191000	182.6497
116.5236000	182.6498
116.6282000	182.6499
116.7327000	182.6501
116.8372000	182.6502
116.9417000	182.6503
117.0463000	182.6503
117.1508000	182.6505
117.2553000	182.6505
117.3599000	182.6507
117.4644000	182.6508
117.5689000	182.6509
117.6734000	182.651
117.7780000	182.6511
117.8824000	182.6512
117.9870000	182.6513
118.0916000	182.6514
118.1961000	182.6516
118.3006000	182.6517
118.4052000	182.6518
118.5097000	182.6519
118.6141000	182.652
118.7187000	182.6521
118.8233000	182.6522
118.9278000	182.6522
119.0323000	182.6524
119.1369000	182.6524
119.2414000	182.6526
119.3458000	182.6526
119.4504000	182.6528
119.5550000	182.653
119.6595000	182.6531
119.7640000	182.6532
119.8686000	182.6533
119.9731000	182.6534
