#DataThief C:\Stuff\Judit\Dark Matter Research\Datathief\nord-120kpc-disk.png Thursday 26-Dec-2019 5:11:25 PM
0.0043733	1.4805
0.0218000	1.4807
0.0392000	1.4809
0.0566000	1.4812
0.0741000	0.9879
0.0915000	0.4946
0.1089000	0.0013
0.1263000	-0.4919
0.1437000	-0.9851
0.1611000	-1.4785
0.1786000	-1.4783
0.1960000	-1.4780
0.2134000	-1.4778
0.2308000	-1.4776
0.2482000	-1.4774
0.2657000	-0.4902
0.2831000	0.0035
0.3005000	0.9907
0.3006000	2.4712
0.3180000	7.4062
0.3355000	8.3934
0.3530000	13.8220
0.3704000	15.7962
0.3879000	18.2639
0.4053000	20.2380
0.4227000	22.2122
0.4228000	23.1992
0.4402000	24.1864
0.4576000	25.6671
0.4751000	27.6412
0.4925000	29.1219
0.5100000	30.6026
0.5274000	32.0833
0.5448000	33.5640
0.5623000	34.5511
0.5796000	35.5383
0.5971000	37.0190
0.6146000	37.5127
0.6320000	38.4999
0.6494000	39.4870
0.6669000	40.4743
0.6843000	41.4615
0.7017000	41.9552
0.7191000	42.4489
0.7366000	43.4361
0.7540000	43.9298
0.7713000	44.9170
0.7889000	45.4107
0.8063000	45.9043
0.8237000	46.3981
0.8412000	46.8918
0.8586000	46.8920
0.8760000	47.3857
0.8934000	47.8794
0.9109000	48.3731
0.9283000	48.3733
0.9457000	48.3736
0.9630000	48.3738
0.9806000	48.3740
0.9980000	48.8677
1.0154000	48.8679
1.0328000	49.3616
1.0502000	49.3618
1.0677000	49.3620
1.0851000	49.8557
1.1025000	49.8559
1.1199000	49.8561
1.1374000	50.3498
1.1548000	50.3501
1.1722000	50.3503
1.1896000	50.3505
1.2071000	50.3507
1.2245000	50.8444
1.2419000	50.8447
1.2593000	50.8449
1.2767000	50.8451
1.2942000	51.3388
1.3115000	51.3390
1.3290000	51.3392
1.3464000	51.3394
1.3639000	51.3397
1.3813000	51.3399
1.3987000	51.3401
1.4161000	51.3403
1.4336000	51.8340
1.4510000	51.8342
1.4684000	51.8344
1.4858000	51.8346
1.5032000	51.8349
1.5207000	51.8351
1.5381000	51.8353
1.5554000	51.8355
1.5729000	51.8357
1.5903000	51.8359
1.6078000	51.8361
1.6252000	51.8364
1.6425000	51.8366
1.6600000	52.3303
1.6775000	52.3305
1.6949000	52.3307
1.7123000	52.3309
1.7297000	52.3311
1.7471000	52.3314
1.7646000	52.3316
1.7820000	52.3317
1.7993000	52.3320
1.8168000	52.3322
1.8343000	52.3324
1.8517000	52.3326
1.8691000	52.3329
1.8864000	52.3331
1.9039000	52.3333
1.9214000	52.3335
1.9388000	52.3336
1.9562000	52.3338
1.9736000	52.3342
1.9910000	52.3344
2.0085000	52.3346
2.0259000	52.3348
2.0433000	52.3350
2.0607000	52.3352
2.0782000	52.3354
2.0956000	52.3357
2.1130000	52.8294
2.1304000	52.8296
2.1479000	52.8298
2.1653000	52.8300
2.1827000	52.8302
2.2001000	52.8304
2.2175000	52.8306
2.2349000	52.8309
2.2524000	52.8311
2.2698000	53.3248
2.2872000	53.3250
2.3047000	53.3252
2.3221000	53.3254
2.3395000	53.8191
2.3569000	53.8193
2.3743000	53.8195
2.3918000	54.3133
2.4092000	54.3135
2.4266000	54.3136
2.4440000	54.3139
2.4615000	54.8075
2.4788000	54.8077
2.4963000	55.3014
2.5137000	55.3017
2.5312000	55.7953
2.5486000	55.7957
2.5659000	56.2894
2.5834000	56.2896
2.6009000	56.7833
2.6183000	56.7835
2.6357000	57.2772
2.6531000	57.2774
2.6705000	57.7711
2.6880000	57.7713
2.7054000	58.2650
2.7227000	58.7587
2.7403000	58.7590
2.7577000	59.2527
2.7751000	59.2529
2.7925000	59.7466
2.8100000	59.7468
2.8274000	60.2405
2.8448000	60.7342
2.8622000	60.7344
2.8797000	61.2281
2.8971000	61.7218
2.9144000	61.7220
2.9319000	62.2157
2.9494000	62.2160
2.9668000	62.7097
2.9842000	63.2034
3.0016000	63.6971
3.0191000	63.6973
3.0365000	64.1910
3.0539000	64.1912
3.0713000	64.6848
3.0888000	65.1786
3.1062000	65.1788
3.1236000	65.6724
3.1410000	66.1662
3.1585000	66.1665
3.1759000	67.1536
3.1933000	67.1539
3.2107000	67.6476
3.2282000	68.1413
3.2456000	68.6350
3.2630000	68.6352
3.2805000	69.1289
3.2979000	69.6226
3.3153000	70.1163
3.3327000	70.6099
3.3502000	70.6101
3.3676000	71.1039
3.3850000	71.5976
3.4024000	72.0913
3.4199000	72.0915
3.4373000	72.5852
3.4546000	73.0789
3.4721000	73.5727
3.4896000	73.5729
3.5070000	74.0666
3.5244000	74.5603
3.5417000	75.0540
3.5593000	75.0542
3.5767000	75.5479
3.5941000	76.0416
3.6115000	76.0418
3.6290000	76.5354
3.6463000	77.0292
3.6638000	77.5229
3.6813000	77.5231
3.6987000	78.0168
3.7161000	78.0171
3.7335000	78.5108
3.7510000	79.0045
3.7684000	79.0047
3.7858000	79.4984
3.8032000	79.9921
3.8207000	79.9923
3.8380000	80.4860
3.8555000	80.4862
3.8729000	80.9799
3.8904000	81.4736
3.9078000	81.4738
3.9252000	81.9675
3.9426000	82.4613
3.9601000	82.4615
3.9775000	82.9552
3.9949000	82.9554
4.0123000	83.4491
4.0298000	83.4493
4.0472000	83.9430
4.0646000	83.9432
4.0820000	84.4369
4.0995000	84.4371
4.1169000	84.9308
4.1343000	84.9311
4.1517000	85.4248
4.1692000	85.4250
4.1865000	85.9186
4.2040000	85.9189
4.2214000	86.4126
4.2389000	86.4128
4.2563000	86.9064
4.2737000	86.9066
4.2911000	87.4003
4.3085000	87.4007
4.3260000	87.8944
4.3434000	87.8946
4.3608000	87.8948
4.3782000	88.3885
4.3957000	88.3887
4.4131000	88.8824
4.4304000	88.8826
4.4479000	89.3763
4.4654000	89.3765
4.4828000	89.8702
4.5002000	89.8705
4.5175000	89.8707
4.5351000	90.3644
4.5525000	90.3646
4.5699000	90.8582
4.5873000	90.8585
4.6048000	91.3522
4.6221000	91.3524
4.6396000	91.8460
4.6570000	91.8464
4.6745000	91.8466
4.6919000	92.3403
4.7093000	92.3405
4.7267000	92.8342
4.7442000	92.8344
4.7616000	92.8346
4.7790000	93.3283
4.7964000	93.3285
4.8138000	93.8222
4.8313000	93.8225
4.8487000	94.3162
4.8660000	94.3164
4.8835000	94.3166
4.9010000	94.8103
4.9184000	94.8105
4.9358000	95.3042
4.9532000	95.3044
4.9707000	95.7981
4.9881000	95.7983
5.0055000	95.7986
5.0229000	96.2923
5.0404000	96.2925
5.0578000	96.7862
5.0752000	96.7864
5.0926000	97.2801
5.1101000	97.2803
5.1275000	97.7740
5.1449000	97.7742
5.1623000	97.7744
5.1798000	98.2682
5.1972000	98.2684
5.2146000	98.7621
5.2320000	98.7623
5.2495000	99.2560
5.2669000	99.2562
5.2843000	99.7499
5.3017000	99.7501
5.3192000	99.7503
5.3366000	100.2440
5.3540000	100.2443
5.3714000	100.7380
5.3888000	100.7382
5.4062000	101.2319
5.4237000	101.2321
5.4411000	101.7258
5.4585000	101.7260
5.4760000	101.7262
5.4934000	102.2199
5.5108000	102.2201
5.5282000	102.7139
5.5457000	102.7141
5.5631000	103.2078
5.5805000	103.2080
5.5979000	103.7017
5.6154000	103.7019
5.6328000	104.1956
5.6502000	104.1958
5.6676000	104.1960
5.6851000	104.6897
5.7025000	104.6900
5.7199000	105.1837
5.7372000	105.1839
5.7548000	105.6776
5.7722000	105.6778
5.7896000	106.1715
5.8070000	106.1717
5.8245000	106.1719
5.8418000	106.6656
5.8593000	107.1593
5.8767000	107.1595
5.8942000	107.1598
5.9116000	107.6535
5.9290000	107.6537
5.9464000	108.1474
5.9639000	108.1476
5.9813000	108.6413
5.9987000	108.6415
6.0161000	109.1352
6.0336000	109.1354
6.0510000	109.6291
6.0684000	109.6294
6.0858000	110.1231
6.1032000	110.1233
6.1207000	110.6170
6.1381000	110.6172
6.1555000	111.1109
6.1729000	111.1111
6.1904000	111.6048
6.2078000	111.6050
6.2252000	112.0987
6.2426000	112.0989
6.2601000	112.5927
6.2775000	112.5929
6.2949000	113.0866
6.3123000	113.0868
6.3298000	113.5805
6.3472000	114.0742
6.3646000	114.0744
6.3820000	114.5681
6.3995000	114.5683
6.4169000	114.5685
6.4343000	115.0622
6.4517000	115.0625
6.4692000	115.5562
6.4866000	115.5564
6.5040000	116.0501
6.5213000	116.0503
6.5389000	116.0505
6.5563000	116.5442
6.5737000	116.5444
6.5911000	117.0381
6.6086000	117.0384
6.6260000	117.0386
6.6434000	117.5323
6.6608000	117.5325
6.6783000	117.5327
6.6957000	118.0264
6.7130000	118.0266
6.7305000	118.5203
6.7479000	118.5205
6.7654000	118.5208
6.7828000	119.0145
6.8002000	119.0147
6.8176000	119.0149
6.8351000	119.0151
6.8525000	119.5088
6.8699000	119.5090
6.8873000	119.5091
6.9048000	119.5093
6.9222000	120.0032
6.9396000	120.0034
6.9569000	120.0036
6.9744000	120.0038
6.9919000	120.4975
7.0093000	120.4977
7.0267000	120.4979
7.0441000	120.4981
7.0616000	120.9918
7.0790000	120.9921
7.0964000	120.9923
7.1138000	120.9925
7.1313000	120.9927
7.1487000	121.4864
7.1661000	121.4866
7.1835000	121.9803
7.2010000	121.9805
7.2184000	121.9808
7.2358000	121.9809
7.2532000	122.4747
7.2706000	122.4748
7.2881000	122.4751
7.3054000	122.9687
7.3229000	122.9689
7.3403000	123.4627
7.3578000	123.4628
7.3752000	123.9567
7.3926000	123.9569
7.4100000	124.4506
7.4275000	124.9443
7.4449000	124.9445
7.4623000	125.4382
7.4797000	125.9319
7.4971000	125.9321
7.5146000	126.4258
7.5320000	126.9195
7.5495000	127.4132
7.5669000	127.4134
7.5843000	127.9071
7.6017000	128.4008
7.6191000	128.4011
7.6366000	128.8948
7.6540000	128.8950
7.6714000	129.3887
7.6888000	129.3889
7.7063000	129.8826
7.7237000	129.8828
7.7410000	129.8830
7.7585000	130.3767
7.7760000	130.3769
7.7934000	130.8707
7.8108000	130.8709
7.8282000	130.8711
7.8457000	131.3648
7.8631000	131.3650
7.8805000	131.8587
7.8979000	131.8589
7.9154000	131.8591
7.9327000	132.3528
7.9502000	132.3531
7.9676000	132.3533
7.9851000	132.8470
8.0025000	132.8472
8.0199000	132.8474
8.0373000	133.3411
8.0547000	133.3413
8.0722000	133.3415
8.0896000	133.8352
8.1070000	133.8355
8.1244000	133.8357
8.1419000	134.3294
8.1593000	134.3296
8.1767000	134.3298
8.1941000	134.8235
8.2116000	134.8237
8.2290000	134.8239
8.2464000	134.8242
8.2638000	135.3179
8.2812000	135.3181
8.2987000	135.3183
8.3161000	135.3185
8.3335000	135.8122
8.3509000	135.8124
8.3684000	135.8126
8.3858000	136.3063
8.4032000	136.3066
8.4205000	136.3068
8.4381000	136.8005
8.4555000	136.8007
8.4729000	136.8009
8.4903000	136.8011
8.5078000	137.2948
8.5252000	137.2950
8.5426000	137.2952
8.5600000	137.2955
8.5775000	137.7892
8.5949000	137.7894
8.6122000	137.7896
8.6297000	137.7898
8.6471000	138.2835
8.6646000	138.2837
8.6820000	138.2839
8.6994000	138.7776
8.7168000	138.7779
8.7343000	138.7781
8.7517000	138.7783
8.7691000	139.2720
8.7865000	139.2722
8.8039000	139.2724
8.8214000	139.7661
8.8388000	139.7663
8.8561000	139.7666
8.8736000	139.7668
8.8911000	140.2605
8.9085000	140.2607
8.9259000	140.2609
8.9433000	140.2610
8.9607000	140.7548
8.9782000	140.7550
8.9956000	140.7553
9.0130000	140.7555
9.0305000	141.2492
9.0479000	141.2494
9.0653000	141.7431
9.0827000	141.7433
9.1001000	141.7435
9.1176000	142.2372
9.1350000	142.2374
9.1524000	142.2377
9.1698000	142.2379
9.1873000	142.7316
9.2046000	142.7318
9.2221000	142.7320
9.2395000	143.2257
9.2570000	143.2259
9.2744000	143.2261
9.2918000	143.2264
9.3092000	143.7201
9.3267000	143.7203
9.3441000	143.7205
9.3615000	143.7207
9.3789000	144.2144
9.3963000	144.2146
9.4138000	144.2147
9.4312000	144.2151
9.4485000	144.7088
9.4660000	144.7090
9.4835000	144.7092
9.5009000	144.7094
9.5183000	145.2031
9.5356000	145.2033
9.5532000	145.2035
9.5706000	145.2037
9.5880000	145.2040
9.6054000	145.6977
9.6228000	145.6979
9.6402000	145.6981
9.6577000	145.6983
9.6751000	146.1920
9.6925000	146.1922
9.7100000	146.1924
9.7274000	146.1927
9.7448000	146.1929
9.7622000	146.6865
9.7795000	146.6867
9.7971000	146.6870
9.8145000	146.6872
9.8319000	147.1809
9.8493000	147.1811
9.8668000	147.1814
9.8841000	147.1816
9.9016000	147.1818
9.9190000	147.1820
9.9364000	147.1822
9.9539000	147.6759
9.9713000	147.6761
9.9887000	147.6764
10.0061000	147.6766
10.0236000	148.1703
10.0410000	148.1705
10.0584000	148.1707
10.0758000	148.1709
10.0933000	148.1711
10.1107000	148.1713
10.1280000	148.6650
10.1455000	148.6653
10.1629000	148.6655
10.1804000	148.6657
10.1978000	148.6659
10.2152000	148.6661
10.2326000	149.1598
10.2501000	149.1600
10.2675000	149.1602
10.2849000	149.1605
10.3023000	149.1607
10.3197000	149.1609
10.3372000	149.6545
10.3546000	149.6548
10.3719000	149.6550
10.3894000	149.6553
10.4069000	149.6555
10.4243000	149.6557
10.4417000	149.6559
10.4591000	150.1496
10.4766000	150.1498
10.4940000	150.1500
10.5114000	150.1502
10.5288000	150.1505
10.5462000	150.1507
10.5636000	150.6444
10.5811000	150.6446
10.5985000	150.6448
10.6159000	150.6450
10.6334000	150.6452
10.6508000	150.6455
10.6682000	150.6457
10.6856000	151.1394
10.7029000	151.1396
10.7205000	151.1398
10.7379000	151.1400
10.7553000	151.1402
10.7727000	151.1404
10.7902000	151.1407
10.8075000	151.6343
10.8250000	151.6346
10.8424000	151.6348
10.8598000	151.6350
10.8773000	151.6352
10.8947000	151.6354
10.9121000	151.6357
10.9295000	152.1294
10.9470000	152.1296
10.9644000	152.1298
10.9818000	152.1300
10.9992000	152.1302
11.0166000	152.1304
11.0341000	152.1306
11.0515000	152.6244
11.0689000	152.6246
11.0863000	152.6248
11.1038000	152.6250
11.1212000	152.6252
11.1386000	152.6254
11.1560000	152.6256
11.1735000	153.1193
11.1909000	153.1196
11.2083000	153.1198
11.2257000	153.1200
11.2431000	153.1202
11.2606000	153.1204
11.2780000	153.1206
11.2953000	153.6143
11.3128000	153.6146
11.3303000	153.6148
11.3477000	153.6150
11.3651000	153.6152
11.3825000	153.6154
11.3999000	153.6156
11.4174000	154.1093
11.4348000	154.1095
11.4522000	154.1098
11.4696000	154.1100
11.4870000	154.1102
11.5045000	154.1104
11.5219000	154.6040
11.5393000	154.6042
11.5567000	154.6045
11.5742000	154.6048
11.5916000	154.6050
11.6090000	154.6052
11.6263000	154.6054
11.6439000	155.0991
11.6613000	155.0993
11.6787000	155.0995
11.6961000	155.0997
11.7135000	155.1000
11.7309000	155.1002
11.7484000	155.5939
11.7658000	155.5941
11.7832000	155.5943
11.8007000	155.5945
11.8181000	155.5947
11.8355000	155.5950
11.8529000	155.5952
11.8702000	155.5954
11.8878000	155.5956
11.9052000	155.5958
11.9226000	156.0895
11.9400000	156.0897
11.9575000	156.0899
11.9748000	156.0902
11.9923000	156.0904
12.0097000	156.0906
12.0271000	156.0908
12.0446000	156.0910
12.0620000	156.0912
12.0794000	156.5849
12.0968000	156.5852
12.1143000	156.5854
12.1317000	156.5856
12.1491000	156.5857
12.1665000	156.5859
12.1840000	156.5862
12.2014000	156.5864
12.2187000	156.5867
12.2362000	156.5869
12.2536000	157.0806
12.2711000	157.0808
12.2885000	157.0810
12.3059000	157.0812
12.3233000	157.0814
12.3408000	157.0817
12.3582000	157.0819
12.3756000	157.0821
12.3930000	157.0823
12.4104000	157.0825
12.4279000	157.0827
12.4453000	157.5764
12.4627000	157.5766
12.4801000	157.5769
12.4976000	157.5771
12.5150000	157.5773
12.5324000	157.5775
12.5497000	157.5777
12.5672000	157.5779
12.5847000	157.5782
12.6021000	157.5784
12.6195000	157.5786
12.6369000	158.0723
12.6543000	158.0725
12.6718000	158.0727
12.6892000	158.0729
12.7066000	158.0731
12.7240000	158.0734
12.7415000	158.0735
12.7589000	158.0738
12.7763000	158.0740
12.7936000	158.0742
12.8111000	158.0744
12.8286000	158.5681
12.8460000	158.5684
12.8634000	158.5686
12.8808000	158.5688
12.8982000	158.5690
12.9157000	158.5692
12.9331000	158.5694
12.9505000	158.5695
12.9679000	158.5699
12.9854000	158.5701
13.0028000	158.5703
13.0202000	158.5705
13.0376000	159.0642
13.0551000	159.0644
13.0725000	159.0646
13.0899000	159.0649
13.1073000	159.0651
13.1247000	159.0653
13.1421000	159.0655
13.1596000	159.0657
13.1770000	159.0659
13.1944000	159.0661
13.2119000	159.0664
13.2293000	159.0666
13.2467000	159.5603
13.2641000	159.5605
13.2814000	159.5607
13.2990000	159.5609
13.3164000	159.5611
13.3338000	159.5613
13.3512000	159.5615
13.3687000	159.5617
13.3860000	159.5620
13.4035000	159.5622
13.4209000	159.5624
13.4383000	160.0561
13.4558000	160.0563
13.4732000	160.0566
13.4906000	160.0568
13.5080000	160.0570
13.5255000	160.0572
13.5429000	160.0574
13.5603000	160.0576
13.5777000	160.0578
13.5951000	160.0581
13.6126000	160.0583
13.6300000	160.0585
13.6474000	160.0587
13.6648000	160.5524
13.6823000	160.5526
13.6997000	160.5528
13.7170000	160.5531
13.7345000	160.5533
13.7519000	160.5535
13.7694000	160.5537
13.7868000	160.5539
13.8042000	160.5541
13.8216000	160.5543
13.8391000	160.5546
13.8565000	160.5548
13.8739000	161.0485
13.8913000	161.0487
13.9087000	161.0489
13.9262000	161.0491
13.9436000	161.0493
13.9609000	161.0496
13.9784000	161.0498
13.9959000	161.0500
14.0133000	161.0502
14.0307000	161.0504
14.0481000	161.0506
14.0655000	161.0508
14.0830000	161.0511
14.1004000	161.0513
14.1178000	161.0515
14.1352000	161.0517
14.1526000	161.0519
14.1701000	161.0521
14.1875000	161.0523
14.2049000	161.0526
14.2223000	161.0528
14.2398000	161.0530
14.2572000	161.0532
14.2746000	161.0534
14.2920000	161.5471
14.3094000	161.5473
14.3269000	161.5476
14.3443000	161.5478
14.3617000	161.5480
14.3791000	161.5482
14.3966000	161.5484
14.4140000	161.5486
14.4314000	161.5488
14.4487000	161.5491
14.4662000	161.5493
14.4837000	161.5495
14.5011000	161.5497
14.5185000	161.5499
14.5359000	161.5501
14.5533000	161.5503
14.5708000	161.5506
14.5882000	161.5508
14.6056000	161.5510
14.6230000	161.5512
14.6404000	161.5514
14.6579000	161.5516
14.6753000	161.5518
14.6926000	161.5521
14.7101000	161.5523
14.7276000	161.5525
14.7450000	161.5527
14.7624000	161.5529
14.7798000	161.5531
14.7973000	162.0468
14.8147000	162.0471
14.8321000	162.0473
14.8495000	162.0475
14.8669000	162.0477
14.8843000	162.0479
14.9018000	162.0481
14.9192000	162.0484
14.9365000	162.0486
14.9541000	162.0488
14.9715000	162.0490
14.9889000	162.0492
15.0063000	162.0493
15.0237000	162.0496
15.0412000	162.0499
15.0586000	162.0501
15.0760000	162.0503
15.0934000	162.0505
15.1108000	162.0507
15.1283000	162.0509
15.1457000	162.0511
15.1631000	162.0514
15.1804000	162.0516
15.1980000	162.0518
15.2154000	162.0520
15.2328000	162.0522
15.2502000	162.0524
15.2676000	162.0527
15.2851000	162.0529
15.3025000	162.0531
15.3199000	162.0533
15.3373000	162.0535
15.3547000	162.0537
15.3721000	162.0539
15.3896000	162.0542
15.4070000	162.0544
15.4243000	162.0546
15.4419000	162.0548
15.4593000	162.0550
15.4767000	162.0552
15.4941000	162.0554
15.5114000	162.0557
15.5290000	162.0559
15.5464000	162.0561
15.5638000	162.0563
15.5812000	162.0565
15.5987000	162.0567
15.6160000	162.0569
15.6335000	162.0572
15.6509000	162.0574
15.6683000	162.0576
15.6858000	162.0578
15.7032000	162.0580
15.7206000	162.0582
15.7380000	162.0585
15.7553000	162.0587
15.7729000	162.0589
15.7903000	162.0591
15.8077000	162.0593
15.8251000	162.0594
15.8426000	162.0597
15.8599000	162.0600
15.8774000	162.0602
15.8948000	162.0604
15.9122000	162.0606
15.9297000	162.0608
15.9471000	162.0610
15.9645000	162.0612
15.9819000	162.0615
15.9992000	162.0617
16.0168000	162.0619
16.0342000	162.0621
16.0516000	162.0623
16.0690000	162.0625
16.0865000	162.0628
16.1039000	162.0630
16.1213000	162.0632
16.1387000	162.0634
16.1561000	162.0636
16.1736000	162.0638
16.1910000	162.0640
16.2084000	162.0643
16.2258000	162.0645
16.2432000	162.0647
16.2607000	162.0649
16.2781000	162.0651
16.2955000	162.0653
16.3129000	162.0655
16.3304000	162.0658
16.3477000	162.0660
16.3652000	162.0662
16.3826000	162.0664
16.4000000	162.0666
16.4175000	162.0668
16.4349000	162.0671
16.4523000	162.0673
16.4697000	162.0675
16.4872000	162.0677
16.5046000	162.0679
16.5220000	162.0681
16.5394000	162.0683
16.5568000	162.0686
16.5743000	162.0688
16.5917000	162.0690
16.6091000	162.0692
16.6265000	162.0694
16.6439000	162.0695
16.6614000	162.0698
16.6787000	162.0701
16.6962000	162.0703
16.7136000	162.0705
16.7311000	162.0707
16.7485000	162.0709
16.7659000	162.0711
16.7833000	162.0714
16.8007000	162.0716
16.8182000	162.0718
16.8356000	162.0720
16.8530000	162.0722
16.8704000	162.0724
16.8878000	162.0726
16.9053000	162.0729
16.9226000	162.0731
16.9401000	162.0733
16.9575000	162.5670
16.9750000	162.5672
16.9924000	162.5674
17.0098000	162.5676
17.0272000	162.5678
17.0446000	162.5681
17.0621000	162.5683
17.0795000	162.5685
17.0969000	162.5687
17.1143000	162.5689
17.1318000	162.5691
17.1492000	162.5694
17.1666000	162.5695
17.1840000	162.5697
17.2014000	162.5699
17.2189000	162.5702
17.2363000	162.5704
17.2537000	162.5706
17.2711000	162.5709
17.2886000	162.5711
17.3060000	162.5713
17.3234000	162.5715
17.3408000	162.5716
17.3582000	162.5718
17.3757000	162.5721
17.3931000	162.5724
17.4104000	162.5726
17.4279000	162.5728
17.4453000	162.5730
17.4628000	162.5732
17.4802000	162.5734
17.4976000	162.5737
17.5150000	162.5739
17.5325000	162.5741
17.5499000	162.5743
17.5673000	162.5745
17.5847000	162.5747
17.6021000	162.5749
17.6196000	162.5752
17.6370000	162.5754
17.6543000	162.5756
17.6718000	162.5758
17.6892000	162.5760
17.7067000	162.5762
17.7241000	162.5764
17.7415000	162.5767
17.7589000	162.5769
17.7764000	162.5771
17.7938000	162.5773
17.8112000	162.5775
17.8286000	162.5777
17.8460000	162.5779
17.8635000	162.5782
17.8809000	162.5784
17.8982000	162.5786
17.9157000	162.5788
17.9332000	162.5790
17.9506000	162.5792
17.9680000	162.5795
17.9854000	162.5796
18.0028000	162.5798
18.0203000	162.5800
18.0377000	162.5803
18.0551000	162.5805
18.0725000	162.5807
18.0899000	162.5810
18.1074000	162.5812
18.1248000	162.5814
18.1421000	162.5816
18.1596000	162.5817
18.1771000	162.5819
18.1945000	162.5822
18.2119000	162.5825
18.2293000	162.5827
18.2467000	162.5829
18.2642000	162.5831
18.2816000	162.5833
18.2990000	162.5835
18.3164000	162.5838
18.3338000	162.5840
18.3513000	162.5842
18.3687000	162.5844
18.3860000	162.5846
18.4035000	162.5848
18.4210000	162.5850
18.4384000	162.5853
18.4558000	162.5855
18.4732000	162.5857
18.4906000	162.5859
18.5081000	162.5861
18.5255000	162.5863
18.5429000	162.5865
18.5603000	162.5868
18.5777000	162.5870
18.5952000	162.5872
18.6126000	162.5874
18.6300000	162.5876
18.6474000	162.5878
18.6649000	162.5880
18.6823000	162.5883
18.6997000	162.5885
18.7170000	162.5887
18.7345000	162.5889
18.7520000	162.5891
18.7694000	162.5893
18.7868000	162.5896
18.8042000	162.5897
18.8216000	162.5899
18.8391000	162.5901
18.8565000	162.5904
18.8739000	162.5906
18.8913000	162.5908
18.9088000	162.5911
18.9262000	162.5913
18.9436000	162.5915
18.9609000	162.5917
18.9784000	162.5918
18.9959000	162.5920
19.0133000	162.5924
19.0307000	162.5926
19.0481000	162.5928
19.0656000	162.5930
19.0830000	162.5932
19.1004000	162.5934
19.1178000	162.5936
19.1352000	162.5939
19.1527000	162.5941
19.1701000	162.5943
19.1875000	162.5945
19.2049000	162.5947
19.2224000	162.5949
19.2398000	162.5951
19.2572000	162.5954
19.2746000	162.5956
19.2920000	162.5958
19.3094000	162.5960
19.3269000	162.5962
19.3443000	162.5964
19.3617000	162.5966
19.3791000	162.5969
19.3966000	162.5971
19.4140000	162.5973
19.4314000	162.5975
19.4487000	162.5977
19.4663000	162.5979
19.4837000	162.5981
19.5011000	162.5984
19.5185000	162.5986
19.5359000	162.5988
19.5534000	162.5990
19.5708000	162.5992
19.5882000	162.5994
19.6056000	162.5997
19.6230000	162.5998
19.6404000	162.6000
19.6579000	162.6002
19.6753000	162.6005
19.6926000	162.6007
19.7102000	162.6009
19.7276000	162.6012
19.7450000	162.6014
19.7624000	162.6016
19.7798000	162.6018
19.7973000	162.6019
19.8147000	162.6021
19.8321000	162.6025
19.8495000	162.6027
19.8669000	162.6029
19.8843000	162.6031
19.9018000	162.6033
19.9192000	162.6035
19.9365000	162.6037
19.9541000	162.1105
19.9715000	162.1107
19.9889000	161.6174
20.0490000	161.3233
20.1535000	161.3234
20.2580000	161.3235
20.3626000	161.3237
20.4671000	161.3237
20.5716000	161.3239
20.6762000	161.3240
20.7807000	161.3241
20.8852000	161.3242
20.9897000	161.3243
21.0943000	161.3244
21.1989000	160.8309
21.3035000	160.8310
21.4080000	160.8311
21.5125000	160.8312
21.6171000	160.8313
21.7216000	160.8314
21.8260000	160.8315
21.9306000	160.8316
22.0352000	160.3381
22.1399000	160.3382
22.2444000	160.3383
22.3489000	160.3384
22.4534000	160.3385
22.5580000	160.3386
22.6625000	160.3387
22.7670000	160.3388
22.8716000	160.3389
22.9762000	159.8454
23.0808000	159.8455
23.1853000	159.8456
23.2898000	159.8457
23.3944000	159.8458
23.4989000	159.8458
23.6034000	159.8460
23.7079000	159.8460
23.8125000	159.8462
23.9171000	159.3527
24.0217000	159.3528
24.1262000	159.3529
24.2307000	159.3530
24.3353000	159.3531
24.4398000	159.3532
24.5443000	159.3533
24.6489000	159.3534
24.7534000	158.8599
24.8580000	158.8599
24.9626000	158.8601
25.0671000	158.8601
25.1716000	158.8603
25.2762000	158.8604
25.3807000	158.8605
25.4854000	158.3670
25.5899000	158.3671
25.6944000	158.3672
25.7990000	158.3673
25.9035000	158.3674
26.0080000	158.3675
26.1126000	158.3676
26.2171000	158.3677
26.3216000	158.3678
26.4263000	157.8742
26.5308000	157.8744
26.6353000	157.8745
26.7399000	157.8746
26.8444000	157.8747
26.9489000	157.8748
27.0536000	157.3813
27.1581000	157.3814
27.2627000	157.3815
27.3672000	157.3816
27.4717000	157.3817
27.5763000	157.3818
27.6808000	157.3819
27.7852000	157.3820
27.8898000	157.3820
27.9945000	156.8885
28.0990000	156.8887
28.2036000	156.8888
28.3081000	156.8889
28.4126000	156.8890
28.5171000	156.8891
28.6217000	156.8892
28.7262000	156.8893
28.8309000	156.3958
28.9354000	156.3959
29.0400000	156.3960
29.1445000	156.3961
29.2490000	156.3961
29.3535000	156.3963
29.4581000	156.3963
29.5627000	155.9029
29.6673000	155.9030
29.7718000	155.9031
29.8763000	155.9032
29.9809000	155.9033
30.0855000	155.4098
30.1901000	155.4099
30.2946000	155.4100
30.3991000	155.4101
30.5037000	155.4102
30.6082000	155.4102
30.7128000	154.9167
30.8174000	154.9169
30.9219000	154.9170
31.0264000	154.9171
31.1311000	154.4235
31.2356000	154.4236
31.3402000	154.4237
31.4447000	154.4238
31.5492000	154.4239
31.6539000	153.9304
31.7584000	153.9304
31.8630000	153.9306
31.9676000	153.4371
32.0722000	153.4372
32.1767000	153.4373
32.2812000	153.4374
32.3859000	152.9438
32.4904000	152.9439
32.5950000	152.9440
32.6995000	152.9442
32.8040000	152.9443
32.9087000	152.4506
33.0132000	152.4508
33.1178000	152.4509
33.2223000	152.4510
33.3270000	151.9575
33.4315000	151.9576
33.5360000	151.9577
33.6404000	151.9578
33.7450000	151.9579
33.8497000	151.4644
33.9543000	151.4645
34.0588000	151.4646
34.1633000	151.4647
34.2680000	150.9710
34.3725000	150.9712
34.4771000	150.9714
34.5816000	150.9715
34.6863000	150.4779
34.7908000	150.4780
34.8953000	150.4781
34.9999000	150.4782
35.1045000	149.9847
35.2091000	149.9848
35.3136000	149.9849
35.4183000	149.4913
35.5228000	149.4915
35.6273000	149.4916
35.7319000	149.4917
35.8365000	148.9981
35.9411000	148.9982
36.0456000	148.9983
36.1501000	148.9984
36.2546000	148.9985
36.3593000	148.5050
36.4638000	148.5051
36.5684000	148.5051
36.6729000	148.5053
36.7776000	148.0118
36.8820000	148.0119
36.9866000	148.0120
37.0912000	148.0121
37.1958000	147.5185
37.3004000	147.5186
37.4049000	147.5188
37.5096000	147.0252
37.6141000	147.0253
37.7186000	147.0254
37.8233000	146.5319
37.9278000	146.5320
38.0324000	146.5321
38.1369000	146.5322
38.2416000	146.0386
38.3461000	146.0388
38.4506000	146.0389
38.5552000	146.0390
38.6598000	145.5453
38.7644000	145.5455
38.8689000	145.5455
38.9734000	145.5457
39.0781000	145.0522
39.1826000	145.0523
39.2873000	144.5587
39.3918000	144.5589
39.4964000	144.5590
39.6009000	144.5591
39.7056000	144.0655
39.8101000	144.0656
39.9146000	144.0657
40.0191000	144.0658
40.1238000	143.5723
40.2283000	143.5724
40.3329000	143.5725
40.4374000	143.5726
40.5421000	143.0791
40.6465000	143.0792
40.7513000	142.5856
40.8558000	142.5857
40.9603000	142.5857
41.0649000	142.5859
41.1695000	142.0924
41.2741000	142.0925
41.3786000	142.0926
41.4830000	142.0927
41.5878000	141.5992
41.6923000	141.5993
41.7969000	141.5994
41.9015000	141.1058
42.0061000	141.1059
42.1107000	140.6124
42.2153000	140.6125
42.3197000	140.6126
42.4243000	140.6127
42.5290000	140.1192
42.6335000	140.1193
42.7381000	140.1194
42.8426000	140.1195
42.9473000	139.6259
43.0518000	139.6260
43.1562000	139.6261
43.2610000	139.1326
43.3655000	139.1327
43.4701000	139.1328
43.5747000	138.6393
43.6793000	138.6394
43.7838000	138.6395
43.8883000	138.6396
43.9929000	138.1460
44.0975000	138.1461
44.2020000	138.1461
44.3067000	137.6526
44.4113000	137.6528
44.5159000	137.1593
44.6205000	137.1594
44.7250000	137.1595
44.8296000	136.6659
44.9342000	136.6660
45.0389000	136.1724
45.1434000	136.1726
45.2481000	135.6790
45.3526000	135.6791
45.4571000	135.6792
45.5615000	135.6794
45.6663000	135.1858
45.7709000	135.1859
45.8754000	135.1860
45.9799000	135.1861
46.0846000	134.6926
46.1891000	134.6926
46.2938000	134.1991
46.3982000	134.1992
46.5028000	134.1994
46.6074000	134.1995
46.7120000	133.7059
46.8166000	133.7060
46.9211000	133.7061
47.0258000	133.2126
47.1303000	133.2127
47.2349000	132.7191
47.3395000	132.7191
47.4440000	132.7193
47.5486000	132.7195
47.6532000	132.2259
47.7578000	132.2260
47.8622000	132.2261
47.9668000	132.2262
48.0715000	131.7327
48.1760000	131.7328
48.2807000	131.2392
48.3852000	131.2393
48.4898000	131.2394
48.5943000	131.2396
48.6989000	130.7460
48.8035000	130.7461
48.9080000	130.7462
49.0127000	130.2527
49.1172000	130.2528
49.2218000	130.2529
49.3264000	129.7593
49.4310000	129.7593
49.5354000	129.7595
49.6402000	129.2660
49.7447000	129.2661
49.8492000	129.2662
49.9538000	129.2663
50.0584000	128.7728
50.1630000	128.7729
50.2675000	128.7730
50.3721000	128.2793
50.4767000	128.2795
50.5812000	128.2797
50.6859000	127.7861
50.7904000	127.7862
50.8950000	127.7863
50.9995000	127.7864
51.1042000	127.2929
51.2086000	127.2930
51.3132000	127.2931
51.4179000	126.7995
51.5224000	126.7995
51.6271000	126.3061
51.7316000	126.3062
51.8361000	126.3063
51.9407000	126.3064
52.0454000	125.8129
52.1499000	125.8130
52.2544000	125.8131
52.3589000	125.8132
52.4636000	125.3195
52.5681000	125.3197
52.6726000	125.3199
52.7772000	124.8263
52.8819000	124.8264
52.9864000	124.8265
53.0911000	124.3330
53.1956000	124.3331
53.3001000	124.3332
53.4047000	124.3333
53.5093000	123.8397
53.6139000	123.8397
53.7184000	123.8399
53.8231000	123.3464
53.9276000	123.3465
54.0321000	123.3466
54.1368000	122.8531
54.2413000	122.8532
54.3458000	122.8533
54.4504000	122.8534
54.5551000	122.3598
54.6596000	122.3599
54.7641000	122.3601
54.8687000	122.3602
54.9733000	121.8666
55.0779000	121.8667
55.1824000	121.8668
55.2871000	121.3733
55.3916000	121.3734
55.4961000	121.3735
55.6008000	120.8799
55.7053000	120.8801
55.8098000	120.8801
55.9144000	120.8803
56.0191000	120.3867
56.1236000	120.3868
56.2281000	120.3869
56.3326000	120.3870
56.4373000	119.8935
56.5417000	119.8936
56.6463000	119.8937
56.7509000	119.8938
56.8556000	119.4003
56.9601000	119.4003
57.0646000	119.4005
57.1692000	119.4006
57.2738000	118.9070
57.3784000	118.9071
57.4828000	118.9073
57.5876000	118.4137
57.6921000	118.4138
57.7966000	118.4139
57.9012000	118.4140
58.0058000	117.9205
58.1104000	117.9205
58.2149000	117.9207
58.3194000	117.9207
58.4239000	117.9209
58.5286000	117.4274
58.6332000	117.4275
58.7377000	117.4276
58.8422000	117.4277
58.9468000	116.9341
59.0514000	116.9342
59.1559000	116.9343
59.2605000	116.9344
59.3651000	116.4409
59.4697000	116.4410
59.5742000	116.4411
59.6787000	116.4412
59.7833000	115.9477
59.8879000	115.9478
59.9925000	115.9479
60.0971000	115.4543
60.2017000	115.4544
60.3062000	115.4545
60.4107000	115.4546
60.5154000	114.9611
60.6199000	114.9612
60.7245000	114.9613
60.8290000	114.9614
60.9335000	114.9615
61.0382000	114.4680
61.1427000	114.4681
61.2473000	114.4682
61.3518000	114.4683
61.4563000	114.4684
61.5610000	113.9748
61.6655000	113.9750
61.7700000	113.9750
61.8746000	113.9752
61.9792000	113.4816
62.0838000	113.4817
62.1883000	113.4819
62.2928000	113.4820
62.3975000	112.9884
62.5020000	112.9885
62.6066000	112.9886
62.7111000	112.9887
62.8157000	112.4952
62.9203000	112.4953
63.0248000	112.4954
63.1294000	112.4955
63.2339000	112.4956
63.3386000	112.0021
63.4431000	112.0022
63.5476000	112.0023
63.6521000	112.0024
63.7567000	112.0025
63.8614000	111.5089
63.9659000	111.5090
64.0704000	111.5091
64.1749000	111.5093
64.2796000	111.0157
64.3841000	111.0158
64.4887000	111.0159
64.5932000	111.0160
64.6977000	111.0161
64.8024000	110.5226
64.9069000	110.5227
65.0115000	110.5228
65.1160000	110.5229
65.2205000	110.5230
65.3252000	110.0295
65.4297000	110.0296
65.5343000	110.0297
65.6388000	110.0298
65.7433000	110.0299
65.8479000	109.5364
65.9525000	109.5365
66.0570000	109.5366
66.1616000	109.5367
66.2661000	109.5368
66.3708000	109.0432
66.4753000	109.0433
66.5798000	109.0434
66.6844000	109.0436
66.7890000	108.5500
66.8936000	108.5501
66.9981000	108.5502
67.1026000	108.5503
67.2072000	108.5504
67.3118000	108.0569
67.4163000	108.0570
67.5209000	108.0571
67.6254000	108.0572
67.7299000	108.0573
67.8346000	107.5638
67.9392000	107.5638
68.0437000	107.5640
68.1482000	107.5641
68.2527000	107.5642
68.3574000	107.0706
68.4619000	107.0708
68.5665000	107.0709
68.6710000	107.0710
68.7755000	107.0711
68.8801000	106.5775
68.9847000	106.5776
69.0893000	106.5777
69.1938000	106.5777
69.2983000	106.5779
69.4030000	106.0844
69.5074000	106.0845
69.6120000	106.0846
69.7166000	106.0847
69.8211000	106.0848
69.9258000	105.5913
70.0303000	105.5914
70.1348000	105.5915
70.2394000	105.5916
70.3439000	105.5917
70.4485000	105.0982
70.5531000	105.0983
70.6576000	105.0984
70.7622000	105.0985
70.8667000	105.0986
70.9714000	104.6050
71.0759000	104.6052
71.1804000	104.6053
71.2850000	104.6054
71.3895000	104.6055
71.4940000	104.6056
71.5987000	104.1120
71.7032000	104.1121
71.8077000	104.1122
71.9123000	104.1124
72.0168000	104.1125
72.1213000	104.1126
72.2260000	103.6190
72.3305000	103.6191
72.4351000	103.6192
72.5396000	103.6193
72.6441000	103.6194
72.7487000	103.6196
72.8533000	103.1260
72.9579000	103.1261
73.0624000	103.1262
73.1669000	103.1263
73.2713000	103.1264
73.3761000	102.6329
73.4807000	102.6330
73.5852000	102.6331
73.6897000	102.6332
73.7942000	102.6333
73.8989000	102.1398
74.0034000	102.1399
74.1080000	102.1400
74.2125000	102.1401
74.3170000	102.1402
74.4216000	102.1403
74.5261000	102.1404
74.6306000	102.1405
74.7353000	101.6470
74.8397000	101.6471
74.9444000	101.6472
75.0489000	101.6473
75.1534000	101.6474
75.2579000	101.6475
75.3626000	101.1540
75.4671000	101.1541
75.5716000	101.1542
75.6762000	101.1543
75.7807000	101.1544
75.8854000	100.6608
75.9899000	100.6609
76.0945000	100.6611
76.1990000	100.6612
76.3035000	100.6613
76.4081000	100.6614
76.5126000	100.6615
76.6171000	100.6616
76.7218000	100.1680
76.8263000	100.1681
76.9308000	100.1683
77.0354000	100.1684
77.1399000	100.1685
77.2444000	100.1686
77.3491000	99.6750
77.4536000	99.6751
77.5582000	99.6752
77.6627000	99.6753
77.7671000	99.6755
77.8718000	99.6756
77.9763000	99.6757
78.0808000	99.6758
78.1855000	99.1822
78.2900000	99.1823
78.3945000	99.1824
78.4990000	99.1825
78.6036000	99.1827
78.7081000	99.1828
78.8128000	98.6892
78.9173000	98.6893
79.0219000	98.6894
79.1264000	98.6895
79.2309000	98.6896
79.3355000	98.6898
79.4400000	98.6899
79.5445000	98.6900
79.6492000	98.1964
79.7537000	98.1965
79.8582000	98.1966
79.9628000	98.1967
80.0673000	98.1968
80.1718000	98.1970
80.2764000	98.1971
80.3810000	97.7035
80.4856000	97.7036
80.5901000	97.7037
80.6945000	97.7038
80.7992000	97.7039
80.9037000	97.7040
81.0082000	97.7042
81.1127000	97.7043
81.2174000	97.2107
81.3219000	97.2107
81.4264000	97.2109
81.5310000	97.2110
81.6355000	97.2111
81.7401000	97.2113
81.8447000	96.7177
81.9493000	96.7178
82.0538000	96.7179
82.1583000	96.7180
82.2629000	96.7181
82.3674000	96.7182
82.4719000	96.7183
82.5766000	96.2248
82.6811000	96.2248
82.7856000	96.2250
82.8902000	96.2251
82.9947000	96.2252
83.0992000	96.2253
83.2038000	96.2254
83.3084000	95.7319
83.4130000	95.7320
83.5175000	95.7321
83.6219000	95.7322
83.7266000	95.7323
83.8311000	95.7324
83.9358000	95.2389
84.0403000	95.2389
84.1448000	95.2391
84.2493000	95.2392
84.3538000	95.2393
84.4584000	95.2394
84.5631000	94.7459
84.6676000	94.7460
84.7721000	94.7461
84.8767000	94.7462
84.9811000	94.7463
85.0857000	94.7464
85.1903000	94.7465
85.2948000	94.7466
85.3995000	94.2530
85.5040000	94.2532
85.6085000	94.2533
85.7130000	94.2534
85.8176000	94.2535
85.9221000	94.2536
86.0268000	93.7601
86.1313000	93.7602
86.2358000	93.7603
86.3404000	93.7604
86.4449000	93.7605
86.5493000	93.7606
86.6540000	93.7607
86.7585000	93.7608
86.8632000	93.2673
86.9677000	93.2674
87.0722000	93.2675
87.1768000	93.2676
87.2812000	93.2677
87.3858000	93.2678
87.4905000	92.7742
87.5950000	92.7744
87.6995000	92.7745
87.8041000	92.7746
87.9085000	92.7747
88.0131000	92.7748
88.1177000	92.7749
88.2222000	92.7750
88.3267000	92.7751
88.4314000	92.2816
88.5359000	92.2817
88.6404000	92.2818
88.7450000	92.2819
88.8495000	92.2820
88.9540000	92.2821
89.0587000	91.7885
89.1632000	91.7886
89.2678000	91.7888
89.3723000	91.7889
89.4768000	91.7890
89.5814000	91.7891
89.6859000	91.7892
89.7904000	91.7893
89.8950000	91.7894
89.9996000	91.2959
90.1042000	91.2960
90.2086000	91.2961
90.3132000	91.2962
90.4177000	91.2963
90.5223000	91.2964
90.6268000	91.2965
90.7315000	90.8029
90.8359000	90.8031
90.9405000	90.8032
91.0451000	90.8033
91.1496000	90.8034
91.2541000	90.8035
91.3587000	90.8035
91.4632000	90.8037
91.5678000	90.3101
91.6724000	90.3103
91.7769000	90.3104
91.8814000	90.3105
91.9860000	90.3106
92.0905000	90.3107
92.1950000	90.3108
92.2995000	90.3109
92.4041000	90.3110
92.5088000	89.8175
92.6133000	89.8176
92.7178000	89.8176
92.8224000	89.8178
92.9268000	89.8178
93.0314000	89.8180
93.1359000	89.8181
93.2405000	89.8182
93.3451000	89.3247
93.4497000	89.3248
93.5542000	89.3249
93.6587000	89.3250
93.7633000	89.3251
93.8678000	89.3252
93.9723000	89.3253
94.0769000	89.3254
94.1814000	89.3255
94.2861000	88.8319
94.3906000	88.8321
94.4950000	88.8322
94.5996000	88.8323
94.7042000	88.8324
94.8087000	88.8325
94.9132000	88.8326
95.0179000	88.3391
95.1224000	88.3392
95.2270000	88.3393
95.3315000	88.3394
95.4360000	88.3395
95.5406000	88.3396
95.6451000	88.3397
95.7496000	88.3397
95.8540000	88.3399
95.9586000	88.3400
96.0633000	87.8465
96.1679000	87.8466
96.2724000	87.8467
96.3769000	87.8468
96.4815000	87.8469
96.5859000	87.8470
96.6905000	87.8471
96.7951000	87.8472
96.8996000	87.8473
97.0041000	87.8475
97.1088000	87.3538
97.2133000	87.3540
97.3178000	87.3541
97.4224000	87.3542
97.5269000	87.3543
97.6314000	87.3544
97.7360000	87.3545
97.8405000	87.3547
97.9449000	87.3548
98.0497000	86.8612
98.1542000	86.8613
98.2588000	86.8614
98.3633000	86.8615
98.4678000	86.8616
98.5723000	86.8617
98.6768000	86.8618
98.7814000	86.8620
98.8859000	86.8620
98.9905000	86.8622
99.0950000	86.8622
99.1995000	86.8624
99.3042000	86.3688
99.4087000	86.3689
99.5131000	86.3691
99.6178000	86.3692
99.7223000	86.3693
99.8268000	86.3694
99.9314000	86.3695
100.0359000	86.3696
100.1404000	86.3697
100.2450000	86.3698
100.3495000	86.3699
100.4542000	85.8763
100.5587000	85.8765
100.6632000	85.8766
100.7677000	85.8767
100.8723000	85.8768
100.9768000	85.8769
101.0813000	85.8770
101.1859000	85.8771
101.2904000	85.8772
101.3949000	85.8773
101.4996000	85.3838
101.6040000	85.3839
101.7086000	85.3840
101.8132000	85.3841
101.9177000	85.3841
102.0222000	85.3843
102.1268000	85.3844
102.2313000	85.3845
102.3357000	85.3846
102.4404000	85.3848
102.5450000	84.8912
102.6496000	84.8913
102.7541000	84.8914
102.8586000	84.8915
102.9632000	84.8916
103.0677000	84.8917
103.1722000	84.8918
103.2767000	84.8920
103.3813000	84.8921
103.4858000	84.8921
103.5903000	84.8923
103.6949000	84.8923
103.7993000	84.8925
103.9041000	84.3989
104.0086000	84.3990
104.1131000	84.3992
104.2177000	84.3993
104.3222000	84.3994
104.4267000	84.3995
104.5312000	84.3996
104.6358000	84.3997
104.7403000	84.3998
104.8450000	83.9062
104.9495000	83.9064
105.0540000	83.9064
105.1586000	83.9066
105.2631000	83.9066
105.3676000	83.9068
105.4722000	83.9069
105.5767000	83.9070
105.6812000	83.9071
105.7856000	83.9072
105.8902000	83.9073
105.9949000	83.4138
106.0995000	83.4139
106.2040000	83.4140
106.3085000	83.4141
106.4131000	83.4142
106.5175000	83.4143
106.6221000	83.4144
106.7267000	83.4144
106.8312000	83.4146
106.9357000	83.4147
107.0404000	82.9212
107.1449000	82.9213
107.2494000	82.9214
107.3540000	82.9215
107.4585000	82.9216
107.5630000	82.9217
107.6676000	82.9218
107.7721000	82.9219
107.8766000	82.9221
107.9811000	82.9222
108.0857000	82.9223
108.1902000	82.9224
108.2947000	82.9224
108.3994000	82.4289
108.5039000	82.4290
108.6085000	82.4291
108.7130000	82.4293
108.8175000	82.4294
108.9221000	82.4295
109.0266000	82.4296
109.1311000	82.4297
109.2356000	82.4298
109.3402000	82.4299
109.4447000	82.4300
109.5493000	81.9365
109.6539000	81.9365
109.7584000	81.9367
109.8630000	81.9367
109.9675000	81.9369
110.0720000	81.9370
110.1766000	81.9371
110.2811000	81.9372
110.3856000	81.9373
110.4901000	81.9374
110.5947000	81.9375
110.6993000	81.4440
110.8039000	81.4441
110.9083000	81.4442
111.0129000	81.4443
111.1175000	81.4444
111.2220000	81.4445
111.3265000	81.4445
111.4311000	81.4447
111.5356000	81.4447
111.6401000	81.4450
111.7446000	81.4451
111.8492000	81.4452
111.9537000	81.4453
112.0584000	80.9517
112.1629000	80.9518
112.2674000	80.9519
112.3719000	80.9520
112.4765000	80.9522
112.5810000	80.9523
112.6856000	80.9524
112.7901000	80.9525
112.8946000	80.9526
112.9990000	80.9527
113.1037000	80.9527
113.2083000	80.4592
113.3129000	80.4594
113.4174000	80.4595
113.5219000	80.4596
113.6265000	80.4597
113.7309000	80.4598
113.8355000	80.4599
113.9401000	80.4600
114.0446000	80.4601
114.1491000	80.4602
114.2536000	80.4603
114.3582000	80.4604
114.4627000	80.4605
114.5674000	79.9670
114.6719000	79.9670
114.7764000	79.9672
114.8810000	79.9673
114.9855000	79.9674
115.0900000	79.9675
115.1945000	79.9676
115.2991000	79.9677
115.4036000	79.9678
115.5081000	79.9680
115.6127000	79.9681
115.7173000	79.4745
115.8218000	79.4746
115.9264000	79.4747
116.0309000	79.4748
116.1355000	79.4748
116.2400000	79.4750
116.3445000	79.4752
116.4490000	79.4753
116.5535000	79.4754
116.6581000	79.4755
116.7626000	79.4756
116.8672000	79.4757
116.9717000	79.4758
117.0762000	79.4759
117.1809000	78.9824
117.2854000	78.9825
117.3900000	78.9826
117.4945000	78.9827
117.5990000	78.9828
117.7035000	78.9828
117.8081000	78.9830
117.9125000	78.9830
118.0171000	78.9832
118.1217000	78.9832
118.2263000	78.4898
118.3309000	78.4899
118.4354000	78.4900
118.5399000	78.4901
118.6444000	78.4902
118.7490000	78.4903
118.8535000	78.4904
118.9580000	78.4905
119.0626000	78.4906
119.1671000	78.4907
119.2716000	78.4909
119.3761000	78.4910
119.4807000	78.4910
119.5852000	78.4912
119.6899000	77.9976
119.7944000	77.9977
119.8990000	77.9978
120.0035000	77.9979
