#DataThief C:\Stuff\Judit\Dark Matter Research\Datathief\nord-120kpc-bottomband.png Thursday 26-Dec-2019 5:08:01 PM
0.0251000	275.3670
0.0425000	275.3672
0.0600000	275.3674
0.0774000	275.3676
0.0948000	275.3679
0.1122000	275.3681
0.1296000	275.3683
0.1471000	274.8750
0.1645000	274.8752
0.1819000	274.8754
0.1993000	274.8757
0.2167000	274.8759
0.2342000	274.8761
0.2516000	274.8763
0.2690000	274.8765
0.2864000	274.3832
0.3038000	274.3835
0.3213000	274.3837
0.3387000	274.3839
0.3561000	274.3841
0.3735000	274.3843
0.3910000	274.3845
0.4083000	273.8913
0.4258000	273.8915
0.4432000	273.8917
0.4606000	273.8919
0.4781000	273.8921
0.4955000	273.8923
0.5129000	273.8925
0.5303000	273.8928
0.5476000	273.3995
0.5652000	273.3997
0.5826000	273.3999
0.6000000	273.4001
0.6174000	273.4003
0.6348000	273.4006
0.6522000	273.4008
0.6697000	272.9075
0.6871000	272.9077
0.7045000	272.9079
0.7219000	272.9082
0.7393000	272.9083
0.7568000	272.9085
0.7742000	272.9088
0.7915000	272.9090
0.8091000	272.9092
0.8265000	272.4160
0.8439000	272.4162
0.8613000	272.4163
0.8787000	272.4166
0.8961000	272.4168
0.9136000	272.4170
0.9310000	272.4172
0.9484000	272.4175
0.9658000	272.4177
0.9832000	271.9243
1.0007000	271.9245
1.0181000	271.9247
1.0355000	271.9250
1.0529000	271.9253
1.0704000	271.9255
1.0878000	271.9257
1.1052000	271.4324
1.1226000	271.4325
1.1400000	271.4328
1.1575000	271.4331
1.1749000	271.4333
1.1923000	271.4335
1.2097000	271.4337
1.2272000	271.4339
1.2446000	271.4341
1.2620000	270.9409
1.2793000	270.9411
1.2968000	270.9413
1.3143000	270.9415
1.3317000	270.9417
1.3491000	270.9419
1.3665000	270.9422
1.3839000	270.9424
1.4014000	270.9426
1.4188000	270.9428
1.4362000	270.9430
1.4536000	270.9432
1.4710000	270.4500
1.4885000	270.4502
1.5059000	270.4504
1.5232000	270.4506
1.5407000	270.4508
1.5582000	270.4510
1.5756000	270.4512
1.5930000	270.4515
1.6104000	270.4517
1.6278000	270.4519
1.6453000	270.4521
1.6627000	270.4523
1.6801000	269.9590
1.6975000	269.9593
1.7149000	269.9595
1.7324000	269.9597
1.7498000	269.9599
1.7671000	269.9601
1.7846000	269.9603
1.8020000	269.9605
1.8195000	269.9607
1.8369000	269.9609
1.8542000	269.9612
1.8717000	269.9614
1.8892000	269.9616
1.9066000	269.9618
1.9240000	269.9621
1.9414000	269.4687
1.9588000	269.4689
1.9763000	269.4692
1.9937000	269.4694
2.0111000	269.4696
2.0285000	269.4699
2.0459000	269.4701
2.0634000	269.4703
2.0808000	269.4705
2.0982000	269.4707
2.1156000	269.4708
2.1331000	269.4711
2.1505000	269.4714
2.1679000	269.4716
2.1853000	269.4718
2.2027000	269.4720
2.2202000	269.4722
2.2376000	269.4724
2.2550000	269.4726
2.2724000	269.4729
2.2898000	269.4731
2.3073000	269.4733
2.3247000	269.4735
2.3421000	269.4737
2.3595000	268.9804
2.3769000	268.9807
2.3944000	268.9809
2.4118000	268.9811
2.4292000	268.9813
2.4466000	268.9815
2.4641000	268.9817
2.4815000	268.9820
2.4989000	268.9822
2.5163000	268.9824
2.5337000	268.9826
2.5512000	268.9828
2.5686000	268.9830
2.5859000	268.9832
2.6034000	268.9835
2.6209000	268.9837
2.6383000	268.9839
2.6557000	268.9841
2.6731000	268.9843
2.6905000	268.9845
2.7080000	268.9847
2.7254000	268.9849
2.7428000	268.9851
2.7602000	268.9854
2.7776000	268.9856
2.7951000	268.9858
2.8125000	268.9860
2.8298000	268.9862
2.8473000	268.9865
2.8648000	268.9867
2.8822000	268.9868
2.8996000	268.9870
2.9170000	268.9872
2.9344000	268.9875
2.9519000	268.9878
2.9693000	268.9880
2.9867000	268.9882
3.0041000	268.9884
3.0215000	268.9886
3.0390000	268.9888
3.0564000	268.9889
3.0738000	268.9893
3.0912000	268.9895
3.1087000	268.9897
3.1261000	268.9899
3.1435000	268.9901
3.1609000	268.9903
3.1783000	268.9905
3.1958000	268.9908
3.2132000	268.9910
3.2306000	268.9912
3.2480000	268.9914
3.2654000	268.9916
3.2829000	268.9918
3.3003000	268.9921
3.3176000	268.9923
3.3351000	268.9925
3.3526000	268.9927
3.3700000	268.9929
3.3874000	269.4866
3.4048000	269.4868
3.4222000	269.4870
3.4397000	269.4873
3.4571000	269.4875
3.4745000	269.4877
3.4919000	269.4879
3.5093000	269.4881
3.5268000	269.4883
3.5442000	269.4886
3.5615000	269.4888
3.5790000	269.4889
3.5965000	269.4892
3.6139000	269.4894
3.6313000	269.4896
3.6487000	269.4898
3.6662000	269.4901
3.6836000	269.4903
3.7010000	269.4905
3.7184000	269.4907
3.7358000	269.4909
3.7532000	269.4910
3.7707000	269.4913
3.7881000	269.4916
3.8054000	269.4918
3.8229000	269.4920
3.8404000	269.4922
3.8578000	269.4924
3.8752000	269.4926
3.8925000	269.4928
3.9101000	269.4931
3.9275000	269.9868
3.9449000	269.9870
3.9623000	269.9872
3.9797000	269.9874
3.9971000	269.9876
4.0146000	269.9878
4.0320000	269.9881
4.0493000	269.9883
4.0669000	269.9885
4.0843000	269.9887
4.1017000	269.9889
4.1191000	269.9891
4.1365000	269.9893
4.1540000	269.9896
4.1714000	269.9898
4.1888000	269.9900
4.2062000	269.9902
4.2236000	269.9904
4.2411000	269.9906
4.2585000	269.9909
4.2759000	269.9910
4.2933000	269.9912
4.3108000	270.4849
4.3282000	270.4852
4.3456000	270.4854
4.3630000	270.4856
4.3805000	270.4858
4.3979000	270.4861
4.4153000	270.4863
4.4327000	270.4865
4.4501000	270.4867
4.4676000	270.4868
4.4849000	270.4870
4.5024000	270.4873
4.5198000	270.4876
4.5372000	270.4878
4.5547000	270.4880
4.5721000	270.4882
4.5895000	270.4884
4.6069000	270.4886
4.6244000	270.4889
4.6418000	270.4891
4.6592000	270.4893
4.6766000	270.4895
4.6940000	270.4897
4.7115000	270.9834
4.7288000	270.9836
4.7463000	270.9838
4.7637000	270.9841
4.7812000	270.9843
4.7986000	270.9845
4.8159000	270.9847
4.8334000	270.9849
4.8508000	270.9851
4.8683000	270.9854
4.8857000	270.9856
4.9031000	270.9858
4.9205000	270.9860
4.9379000	270.9862
4.9554000	270.9864
4.9727000	270.9866
4.9902000	270.9868
5.0076000	270.9870
5.0251000	270.9872
5.0425000	271.4809
5.0599000	271.4812
5.0773000	271.4814
5.0947000	271.4816
5.1122000	271.4818
5.1296000	271.4821
5.1470000	271.4823
5.1644000	271.4825
5.1819000	271.4827
5.1993000	271.4828
5.2167000	271.4830
5.2341000	271.4834
5.2515000	271.4836
5.2690000	271.4838
5.2864000	271.4840
5.3038000	271.4842
5.3212000	271.9779
5.3387000	271.9781
5.3561000	271.9783
5.3735000	271.9786
5.3909000	271.9788
5.4083000	271.9790
5.4258000	271.9792
5.4432000	271.9794
5.4606000	271.9796
5.4780000	271.9799
5.4955000	271.9801
5.5129000	271.9803
5.5303000	271.9805
5.5476000	271.9807
5.5651000	271.9809
5.5826000	272.4746
5.6000000	272.4748
5.6174000	272.4751
5.6348000	272.4753
5.6522000	272.4755
5.6697000	272.4757
5.6871000	272.4759
5.7045000	272.4761
5.7219000	272.4764
5.7393000	272.4766
5.7568000	272.4768
5.7742000	272.4769
5.7915000	272.4772
5.8090000	272.4774
5.8265000	272.9710
5.8439000	272.9713
5.8613000	272.9716
5.8787000	272.9718
5.8961000	272.9720
5.9136000	272.9722
5.9310000	272.9724
5.9484000	272.9726
5.9658000	272.9727
5.9832000	272.9731
6.0007000	272.9733
6.0181000	273.4670
6.0355000	273.4672
6.0530000	273.4674
6.0704000	273.4676
6.0878000	273.4678
6.1052000	273.4681
6.1226000	273.4683
6.1401000	273.4685
6.1575000	273.4687
6.1749000	273.4689
6.1923000	273.4691
6.2098000	273.4693
6.2272000	273.9630
6.2446000	273.9633
6.2620000	273.9635
6.2793000	273.9637
6.2969000	273.9639
6.3143000	273.9641
6.3317000	273.9643
6.3491000	273.9646
6.3666000	273.9647
6.3840000	273.9649
6.4014000	273.9651
6.4188000	274.4588
6.4362000	274.4591
6.4537000	274.4593
6.4711000	274.4595
6.4885000	274.4598
6.5059000	274.4600
6.5234000	274.4602
6.5408000	274.4604
6.5582000	274.4606
6.5756000	274.4607
6.5930000	274.9545
6.6105000	274.9548
6.6279000	274.9550
6.6453000	274.9552
6.6627000	274.9554
6.6802000	274.9556
6.6976000	274.9558
6.7149000	274.9560
6.7324000	274.9563
6.7498000	274.9565
6.7673000	275.4502
6.7847000	275.4504
6.8021000	275.4506
6.8195000	275.4508
6.8370000	275.4510
6.8544000	275.4513
6.8718000	275.4515
6.8892000	275.4517
6.9066000	275.4519
6.9241000	275.9456
6.9415000	275.9458
6.9588000	275.9460
6.9763000	275.9462
6.9938000	275.9465
7.0112000	275.9466
7.0286000	275.9468
7.0460000	275.9471
7.0634000	275.9473
7.0809000	275.9475
7.0983000	276.4412
7.1157000	276.4415
7.1331000	276.4417
7.1506000	276.4419
7.1680000	276.4421
7.1854000	276.4423
7.2028000	276.4425
7.2202000	276.4426
7.2377000	276.4430
7.2551000	276.9367
7.2725000	276.9369
7.2899000	276.9371
7.3074000	276.9373
7.3248000	276.9375
7.3422000	276.9377
7.3596000	276.9380
7.3770000	276.9382
7.3945000	276.9384
7.4119000	277.4321
7.4293000	277.4323
7.4466000	277.4325
7.4642000	277.4327
7.4816000	277.4329
7.4990000	277.4332
7.5164000	277.4334
7.5338000	277.4336
7.5513000	277.4338
7.5687000	277.9275
7.5861000	277.9277
7.6035000	277.9279
7.6210000	277.9282
7.6383000	277.9284
7.6558000	277.9285
7.6732000	277.9287
7.6905000	277.9290
7.7081000	277.9292
7.7255000	278.4229
7.7429000	278.4231
7.7603000	278.4234
7.7778000	278.4236
7.7952000	278.4238
7.8126000	278.4240
7.8300000	278.4242
7.8474000	278.4243
7.8649000	278.4247
7.8822000	278.4249
7.8997000	278.4251
7.9171000	278.4253
7.9346000	278.4255
7.9520000	278.4257
7.9694000	278.4259
7.9868000	278.4262
8.0042000	278.4264
8.0217000	278.4266
8.0391000	278.4268
8.0565000	278.4270
8.0739000	278.4272
8.0913000	278.4274
8.1088000	278.4277
8.1262000	278.4279
8.1436000	278.4281
8.1610000	278.4283
8.1785000	278.4285
8.1959000	278.4287
8.2133000	278.9224
8.2307000	278.9226
8.2481000	278.9229
8.2656000	278.9231
8.2830000	278.9233
8.3004000	278.9235
8.3178000	278.9237
8.3353000	278.9239
8.3527000	278.9242
8.3700000	278.9243
8.3875000	278.9245
8.4049000	278.9247
8.4224000	278.9250
8.4398000	278.9252
8.4572000	278.9254
8.4746000	278.9257
8.4921000	278.9259
8.5095000	278.9261
8.5269000	278.9263
8.5443000	278.9264
8.5617000	278.9266
8.5792000	278.9270
8.5966000	278.9272
8.6139000	278.9274
8.6314000	278.9276
8.6488000	278.9278
8.6663000	278.9280
8.6837000	278.9282
8.7010000	278.9285
8.7185000	278.9287
8.7360000	278.9289
8.7534000	278.9291
8.7708000	278.9293
8.7882000	278.9295
8.8056000	278.9297
8.8231000	278.9300
8.8405000	278.9302
8.8578000	278.9304
8.8753000	278.9306
8.8927000	278.9308
8.9102000	278.9310
8.9276000	278.9313
8.9449000	278.9315
8.9624000	278.9317
8.9799000	278.9319
8.9973000	278.9321
9.0147000	278.9323
9.0321000	278.9325
9.0495000	278.9327
9.0670000	278.9330
9.0844000	278.9332
9.1018000	278.9334
9.1192000	278.9336
9.1366000	278.9338
9.1541000	278.9340
9.1715000	278.9343
9.1889000	278.9344
9.2063000	278.9346
9.2238000	278.9348
9.2412000	278.9351
9.2586000	278.9353
9.2760000	278.9356
9.2934000	278.9358
9.3109000	278.9360
9.3283000	278.9362
9.3457000	278.9364
9.3631000	278.9365
9.3806000	278.9367
9.3980000	278.9371
9.4154000	278.9373
9.4328000	278.9375
9.4502000	278.9377
9.4677000	278.9379
9.4851000	278.9381
9.5025000	278.9383
9.5199000	278.9386
9.5373000	278.9388
9.5548000	278.9390
9.5722000	278.9392
9.5896000	278.9394
9.6070000	278.9396
9.6245000	278.9398
9.6419000	278.9401
9.6593000	278.9403
9.6766000	278.9405
9.6941000	278.9407
9.7116000	278.9409
9.7290000	278.9411
9.7464000	278.9414
9.7638000	278.9416
9.7812000	278.9418
9.7987000	278.9420
9.8161000	278.9422
9.8335000	278.9424
9.8509000	278.9426
9.8683000	278.9428
9.8858000	278.9431
9.9032000	278.9433
9.9205000	278.9435
9.9380000	278.9437
9.9555000	278.9439
9.9729000	278.9441
9.9903000	278.9444
10.0077000	278.9445
10.0252000	278.9447
10.0426000	278.9449
10.0600000	278.9452
10.0774000	278.9454
10.0948000	278.9457
10.1123000	278.9459
10.1297000	278.9461
10.1471000	278.9463
10.1645000	278.9465
10.1819000	278.9466
10.1994000	278.9468
10.2168000	278.9472
10.2342000	278.9474
10.2516000	278.9476
10.2691000	278.9478
10.2865000	278.9480
10.3039000	278.9482
10.3213000	278.9484
10.3387000	278.9487
10.3562000	278.9489
10.3736000	278.9491
10.3910000	278.9493
10.4083000	278.4560
10.4258000	278.4562
10.4433000	278.4565
10.4607000	278.4567
10.4781000	278.4569
10.4955000	278.4571
10.5130000	278.4573
10.5304000	278.4575
10.5478000	278.4578
10.5652000	278.4580
10.5826000	278.4582
10.6000000	278.4584
10.6175000	278.4586
10.6349000	278.4588
10.6522000	278.4590
10.6697000	278.4593
10.6872000	278.4595
10.7046000	278.4597
10.7220000	278.4599
10.7393000	278.4601
10.7569000	278.4603
10.7743000	278.4605
10.7917000	278.4607
10.8091000	278.4610
10.8265000	278.4612
10.8439000	278.4614
10.8614000	278.4616
10.8788000	277.9683
10.8961000	277.9686
10.9136000	277.9687
10.9311000	277.9689
10.9485000	277.9691
10.9659000	277.9694
10.9832000	277.9696
11.0007000	277.9699
11.0182000	277.9701
11.0356000	277.9703
11.0530000	277.9705
11.0704000	277.9707
11.0879000	277.9708
11.1053000	277.9710
11.1227000	277.9714
11.1401000	277.9716
11.1575000	277.9718
11.1750000	277.9720
11.1924000	277.9722
11.2098000	277.9724
11.2272000	277.9726
11.2447000	277.9729
11.2621000	277.4796
11.2795000	277.4798
11.2969000	277.4800
11.3143000	277.4802
11.3317000	277.4804
11.3492000	277.4807
11.3666000	277.4809
11.3840000	277.4811
11.4014000	277.4813
11.4189000	277.4815
11.4363000	277.4817
11.4537000	277.4820
11.4711000	277.4822
11.4885000	277.4824
11.5060000	277.4826
11.5234000	277.4828
11.5408000	277.4830
11.5582000	277.4832
11.5756000	277.4835
11.5931000	276.9902
11.6105000	276.9904
11.6279000	276.9906
11.6453000	276.9908
11.6627000	276.9910
11.6802000	276.9912
11.6976000	276.9915
11.7149000	276.9917
11.7324000	276.9919
11.7499000	276.9921
11.7673000	276.9923
11.7847000	276.9925
11.8021000	276.9928
11.8195000	276.9929
11.8370000	276.9931
11.8544000	276.9933
11.8718000	276.9936
11.8892000	276.9938
11.9066000	276.9941
11.9241000	276.5008
11.9415000	276.5010
11.9588000	276.5011
11.9763000	276.5013
11.9938000	276.5016
12.0112000	276.5019
12.0286000	276.5021
12.0460000	276.5023
12.0634000	276.5025
12.0809000	276.5027
12.0983000	276.5029
12.1157000	276.0097
12.1331000	276.0099
12.1506000	276.0101
12.1680000	276.0103
12.1854000	276.0105
12.2028000	276.0107
12.2202000	276.0109
12.2377000	276.0112
12.2551000	276.0114
12.2725000	276.0116
12.2899000	276.0118
12.3073000	276.0120
12.3248000	276.0122
12.3422000	276.0124
12.3596000	276.0127
12.3770000	276.0129
12.3945000	276.0131
12.4119000	276.0133
12.4293000	275.5200
12.4466000	275.5202
12.4641000	275.5205
12.4816000	275.5207
12.4990000	275.5209
12.5164000	275.5211
12.5338000	275.5213
12.5512000	275.5215
12.5687000	275.5218
12.5861000	275.5220
12.6035000	275.5222
12.6209000	275.5224
12.6383000	275.5226
12.6558000	275.5228
12.6732000	275.5230
12.6905000	275.0298
12.7080000	275.0300
12.7255000	275.0302
12.7429000	275.0304
12.7603000	275.0306
12.7776000	275.0308
12.7951000	275.0311
12.8126000	275.0313
12.8300000	275.0315
12.8474000	275.0317
12.8648000	275.0319
12.8822000	275.0321
12.8997000	275.0323
12.9171000	275.0326
12.9344000	275.0328
12.9519000	274.5394
12.9693000	274.5396
12.9868000	274.5399
13.0042000	274.5401
13.0216000	274.5404
13.0390000	274.5406
13.0565000	274.5408
13.0739000	274.5410
13.0913000	274.5412
13.1087000	274.5413
13.1261000	274.5417
13.1436000	274.5419
13.1610000	274.5421
13.1784000	274.5423
13.1958000	274.5425
13.2132000	274.0492
13.2307000	274.0495
13.2481000	274.0497
13.2655000	274.0499
13.2829000	274.0501
13.3004000	274.0503
13.3178000	274.0505
13.3352000	274.0507
13.3526000	274.0510
13.3700000	274.0512
13.3875000	274.0514
13.4049000	274.0516
13.4223000	274.0518
13.4397000	274.0520
13.4571000	274.0522
13.4746000	273.5590
13.4920000	273.5592
13.5093000	273.5594
13.5268000	273.5596
13.5443000	273.5598
13.5617000	273.5600
13.5791000	273.5603
13.5965000	273.5605
13.6139000	273.5607
13.6314000	273.5609
13.6488000	273.5611
13.6662000	273.5613
13.6836000	273.5615
13.7010000	273.5617
13.7185000	273.0685
13.7359000	273.0687
13.7532000	273.0689
13.7707000	273.0691
13.7881000	273.0694
13.8056000	273.0695
13.8230000	273.0698
13.8404000	273.0700
13.8578000	273.0702
13.8753000	273.0704
13.8927000	273.0706
13.9101000	273.0709
13.9275000	273.0711
13.9449000	273.0713
13.9624000	273.0715
13.9798000	272.5782
13.9971000	272.5784
14.0146000	272.5787
14.0320000	272.5789
14.0495000	272.5791
14.0669000	272.5793
14.0843000	272.5795
14.1017000	272.5796
14.1192000	272.5798
14.1366000	272.5802
14.1540000	272.5804
14.1714000	272.5806
14.1888000	272.5808
14.2063000	272.5810
14.2237000	272.0877
14.2411000	272.0880
14.2585000	272.0882
14.2759000	272.0884
14.2934000	272.0886
14.3108000	272.0888
14.3282000	272.0890
14.3456000	272.0893
14.3630000	272.0895
14.3805000	272.0897
14.3979000	272.0899
14.4153000	272.0901
14.4327000	272.0903
14.4502000	272.0905
14.4676000	272.0908
14.4849000	271.5975
14.5024000	271.5977
14.5198000	271.5979
14.5373000	271.5981
14.5547000	271.5983
14.5721000	271.5986
14.5895000	271.5988
14.6069000	271.5990
14.6244000	271.5992
14.6418000	271.5994
14.6592000	271.5996
14.6766000	271.5998
14.6941000	271.6000
14.7115000	271.6002
14.7288000	271.1070
14.7463000	271.1072
14.7637000	271.1074
14.7812000	271.1076
14.7986000	271.1078
14.8159000	271.1081
14.8334000	271.1083
14.8508000	271.1085
14.8683000	271.1087
14.8857000	271.1089
14.9031000	271.1092
14.9205000	271.1094
14.9379000	271.1096
14.9554000	271.1098
14.9727000	271.1100
14.9902000	270.6167
15.0076000	270.6170
15.0251000	270.6172
15.0425000	270.6174
15.0599000	270.6176
15.0773000	270.6178
15.0947000	270.6179
15.1122000	270.6181
15.1296000	270.6185
15.1470000	270.6187
15.1644000	270.6189
15.1818000	270.6191
15.1993000	270.6193
15.2167000	270.1260
15.2341000	270.1263
15.2515000	270.1265
15.2689000	270.1267
15.2864000	270.1269
15.3038000	270.1271
15.3212000	270.1273
15.3386000	270.1275
15.3561000	270.1278
15.3735000	270.1280
15.3909000	270.1282
15.4083000	270.1284
15.4257000	270.1286
15.4432000	270.1288
15.4606000	269.6356
15.4780000	269.6358
15.4954000	269.6360
15.5128000	269.6362
15.5303000	269.6364
15.5476000	269.6366
15.5651000	269.6369
15.5825000	269.6371
15.6000000	269.6373
15.6174000	269.6375
15.6348000	269.6377
15.6522000	269.6379
15.6696000	269.1447
15.6871000	269.1449
15.7045000	269.1451
15.7219000	269.1453
15.7393000	269.1455
15.7567000	269.1457
15.7742000	269.1459
15.7915000	269.1461
15.8090000	269.1464
15.8264000	269.1466
15.8437000	269.1468
15.8613000	269.1470
15.8787000	269.1472
15.8961000	269.1475
15.9135000	268.6542
15.9310000	268.6543
15.9484000	268.6545
15.9658000	268.6548
15.9832000	268.6550
16.0006000	268.6553
16.0181000	268.6555
16.0355000	268.6557
16.0529000	268.6559
16.0703000	268.6561
16.0877000	268.6562
16.1052000	268.6564
16.1226000	268.6568
16.1400000	268.6570
16.1574000	268.6572
16.1748000	268.1639
16.1923000	268.1641
16.2097000	268.1643
16.2271000	268.1646
16.2445000	268.1648
16.2620000	268.1650
16.2793000	268.1652
16.2968000	268.1654
16.3142000	268.1656
16.3316000	268.1658
16.3491000	268.1661
16.3665000	267.6728
16.3839000	267.6730
16.4013000	267.6732
16.4187000	267.6734
16.4362000	267.6736
16.4536000	267.6739
16.4710000	267.6741
16.4884000	267.6743
16.5059000	267.6745
16.5232000	267.6747
16.5407000	267.6749
16.5581000	267.6752
16.5755000	267.6754
16.5930000	267.6756
16.6104000	267.6758
16.6278000	267.1825
16.6452000	267.1827
16.6625000	267.1830
16.6801000	267.1832
16.6975000	267.1834
16.7149000	267.1836
16.7323000	267.1838
16.7497000	267.1840
16.7671000	267.1842
16.7846000	267.1844
16.8020000	267.1847
16.8194000	267.1849
16.8369000	267.1851
16.8542000	266.6918
16.8717000	266.6920
16.8891000	266.6923
16.9064000	266.6925
16.9240000	266.6926
16.9414000	266.6928
16.9588000	266.6931
16.9762000	266.6933
16.9936000	266.6935
17.0111000	266.6938
17.0285000	266.6940
17.0459000	266.6942
17.0633000	266.6944
17.0807000	266.2011
17.0982000	266.2013
17.1156000	266.2016
17.1330000	266.2018
17.1504000	266.2020
17.1679000	266.2022
17.1853000	266.2024
17.2027000	266.2026
17.2201000	266.2029
17.2375000	266.2031
17.2550000	266.2033
17.2724000	266.2035
17.2898000	265.7102
17.3072000	265.7104
17.3246000	265.7107
17.3421000	265.7109
17.3595000	265.7111
17.3769000	265.7113
17.3942000	265.7115
17.4118000	265.7117
17.4292000	265.7119
17.4466000	265.7122
17.4640000	265.7124
17.4814000	265.7126
17.4989000	265.7128
17.5163000	265.7130
17.5337000	265.7132
17.5511000	265.2200
17.5685000	265.2202
17.5859000	265.2204
17.6034000	265.2206
17.6208000	265.2208
17.6381000	265.2210
17.6556000	265.2212
17.6731000	265.2215
17.6905000	265.2217
17.7079000	265.2219
17.7252000	265.2221
17.7428000	265.2223
17.7602000	265.2225
17.7776000	265.2227
17.7950000	264.7295
17.8124000	264.7297
17.8298000	264.7299
17.8473000	264.7301
17.8647000	264.7303
17.8820000	264.7306
17.8995000	264.7308
17.9170000	264.7309
17.9344000	264.7311
17.9518000	264.7314
17.9691000	264.7316
17.9867000	264.7318
18.0041000	264.7321
18.0215000	264.7323
18.0389000	264.7325
18.0563000	264.2392
18.0738000	264.2394
18.0912000	264.2396
18.1086000	264.2399
18.1260000	264.2401
18.1434000	264.2403
18.1609000	264.2405
18.1783000	264.2407
18.1957000	264.2409
18.2131000	264.2411
18.2305000	264.2414
18.2480000	264.2416
18.2654000	264.2418
18.2828000	264.2420
18.3002000	264.2422
18.3176000	264.2424
18.3351000	264.2427
18.3525000	263.7494
18.3699000	263.7496
18.3873000	263.7498
18.4048000	263.7500
18.4222000	263.7502
18.4396000	263.7505
18.4570000	263.7507
18.4744000	263.7509
18.4919000	263.7511
18.5093000	263.7513
18.5267000	263.7515
18.5441000	263.7517
18.5615000	263.7520
18.5790000	263.7522
18.5964000	263.7524
18.6138000	263.7526
18.6312000	263.7528
18.6487000	263.2595
18.6661000	263.2598
18.6835000	263.2600
18.7008000	263.2602
18.7183000	263.2604
18.7358000	263.2606
18.7532000	263.2608
18.7706000	263.2610
18.7880000	263.2612
18.8054000	263.2615
18.8229000	263.2617
18.8403000	263.2619
18.8577000	263.2621
18.8751000	263.2623
18.8925000	263.2626
18.9100000	263.2628
18.9274000	263.2630
18.9447000	263.2631
18.9622000	263.2634
18.9797000	262.7701
18.9971000	262.7704
19.0145000	262.7706
19.0319000	262.7708
19.0493000	262.7710
19.0668000	262.7711
19.0842000	262.7713
19.1016000	262.7715
19.1190000	262.7719
19.1365000	262.7721
19.1539000	262.7723
19.1713000	262.7725
19.1887000	262.7727
19.2061000	262.7729
19.2236000	262.7731
19.2410000	262.7734
19.2584000	262.7736
19.2758000	262.7738
19.2932000	262.7740
19.3107000	262.2807
19.3281000	262.2809
19.3455000	262.2812
19.3629000	262.2814
19.3804000	262.2816
19.3978000	262.2818
19.4152000	262.2820
19.4325000	262.2822
19.4500000	262.2825
19.4675000	262.2827
19.4849000	262.2829
19.5023000	262.2831
19.5197000	262.2833
19.5371000	262.2835
19.5546000	262.2837
19.5720000	262.2840
19.5894000	262.2842
19.6068000	262.2844
19.6242000	262.2846
19.6417000	262.2848
19.6591000	261.7915
19.6764000	261.7917
19.6939000	261.7920
19.7114000	261.7922
19.7288000	261.7924
19.7462000	261.7926
19.7635000	261.7928
19.7810000	261.7930
19.7985000	261.7933
19.8159000	261.7934
19.8333000	261.7936
19.8507000	261.7939
19.8681000	261.7941
19.8856000	261.7943
19.9030000	261.7946
19.9203000	261.7948
19.9378000	261.7950
19.9553000	261.7952
19.9727000	261.7953
19.9901000	261.3021
20.0199000	261.5358
20.1246000	261.0423
20.2291000	261.0424
20.3336000	261.0425
20.4383000	260.5490
20.5428000	260.5491
20.6473000	260.5492
20.7520000	260.0556
20.8565000	260.0557
20.9611000	260.0558
21.0656000	260.0559
21.1703000	259.5624
21.2748000	259.5625
21.3793000	259.5626
21.4839000	259.5627
21.5885000	259.0692
21.6931000	259.0693
21.7976000	259.0694
21.9021000	259.0695
22.0068000	258.5758
22.1113000	258.5760
22.2159000	258.5762
22.3204000	258.5763
22.4251000	258.0827
22.5295000	258.0828
22.6343000	257.5893
22.7388000	257.5894
22.8433000	257.5895
22.9479000	257.5896
23.0525000	257.0960
23.1571000	257.0962
23.2616000	257.0963
23.3660000	257.0964
23.4708000	256.6028
23.5753000	256.6029
23.6798000	256.6030
23.7844000	256.6031
23.8891000	256.1096
23.9936000	256.1097
24.0981000	256.1098
24.2028000	255.6162
24.3073000	255.6164
24.4118000	255.6165
24.5165000	255.1229
24.6210000	255.1230
24.7256000	255.1231
24.8300000	255.1232
24.9346000	255.1233
25.0393000	254.6298
25.1438000	254.6299
25.2484000	254.6300
25.3530000	254.1365
25.4576000	254.1366
25.5621000	254.1367
25.6667000	253.6431
25.7713000	253.6432
25.8758000	253.6433
25.9805000	253.1498
26.0850000	253.1499
26.1896000	253.1500
26.2941000	253.1501
26.3988000	252.6566
26.5032000	252.6566
26.6078000	252.6568
26.7124000	252.6569
26.8170000	252.1633
26.9216000	252.1634
27.0262000	251.6699
27.1308000	251.6700
27.2353000	251.6701
27.3397000	251.6702
27.4445000	251.1767
27.5490000	251.1768
27.6535000	251.1769
27.7582000	250.6833
27.8628000	250.6834
27.9674000	250.1899
28.0720000	250.1900
28.1764000	250.1901
28.2810000	250.1902
28.3857000	249.6966
28.4902000	249.6968
28.5947000	249.6968
28.6994000	249.2033
28.8039000	249.2034
28.9085000	248.7099
29.0132000	248.7100
29.1177000	248.7101
29.2222000	248.7102
29.3269000	248.2167
29.4314000	248.2168
29.5359000	248.2169
29.6406000	247.7233
29.7450000	247.7234
29.8498000	247.2299
29.9543000	247.2300
30.0589000	247.2301
30.1635000	246.7365
30.2681000	246.7366
30.3728000	246.2431
30.4773000	246.2432
30.5817000	246.2433
30.6863000	246.2434
30.7909000	246.2435
30.8955000	245.7500
31.0002000	245.2564
31.1047000	245.2565
31.2093000	245.2566
31.3138000	245.2568
31.4186000	244.2695
31.5232000	244.2697
31.6277000	244.2698
31.7322000	244.2699
31.8369000	243.7763
31.9416000	243.2828
32.0461000	243.2829
32.1508000	242.7893
32.2553000	242.7894
32.3598000	242.7894
32.4643000	242.7896
32.5690000	242.2961
32.6737000	241.8025
32.7782000	241.8027
32.8829000	241.3091
32.9874000	241.3092
33.0921000	240.8157
33.1966000	240.8157
33.3012000	240.8159
33.4058000	240.3223
33.5104000	240.3224
33.6150000	239.8289
33.7196000	239.8290
33.8241000	239.8291
33.9287000	239.3355
34.0334000	238.8420
34.1380000	238.8420
34.2425000	238.8422
34.3472000	238.3487
34.4517000	238.3488
34.5564000	237.8552
34.6609000	237.8553
34.7654000	237.8554
34.8700000	237.3618
34.9746000	237.3620
35.0793000	236.8683
35.1838000	236.8685
35.2884000	236.8687
35.3930000	236.3751
35.4976000	236.3752
35.6021000	236.3753
35.7067000	235.8818
35.8113000	235.8819
35.9160000	235.3883
36.0205000	235.3884
36.1250000	235.3885
36.2297000	234.8950
36.3342000	234.8951
36.4389000	234.4015
36.5434000	234.4017
36.6480000	234.4018
36.7526000	233.9082
36.8572000	233.9083
36.9618000	233.4148
37.0664000	233.4149
37.1709000	233.4150
37.2756000	232.9214
37.3801000	232.9215
37.4846000	232.9217
37.5893000	232.4281
37.6938000	232.4282
37.7985000	231.9346
37.9030000	231.9348
38.0076000	231.9348
38.1121000	231.9350
38.2168000	231.4414
38.3213000	231.4415
38.4258000	231.4416
38.5305000	230.9481
38.6350000	230.9482
38.7397000	230.4546
38.8441000	230.4548
38.9487000	230.4549
39.0533000	230.4550
39.1578000	230.4551
39.2625000	229.9615
39.3670000	229.9616
39.4716000	229.9617
39.5762000	229.4682
39.6808000	229.4683
39.7852000	229.4684
39.8898000	229.4685
39.9943000	229.4686
40.0990000	228.9750
40.2035000	228.9752
40.3081000	228.9752
40.4126000	228.9754
40.5173000	228.4818
40.6218000	228.4820
40.7263000	228.4821
40.8309000	228.4822
40.9354000	228.4823
41.0399000	228.4824
41.1446000	227.9888
41.2490000	227.9889
41.3537000	227.9891
41.4582000	227.9891
41.5627000	227.9893
41.6673000	227.9893
41.7718000	227.9895
41.8763000	227.9896
41.9808000	227.9897
42.0855000	227.4961
42.1900000	227.4963
42.2946000	227.4964
42.3991000	227.4965
42.5036000	227.4966
42.6082000	227.4967
42.7127000	227.4968
42.8172000	227.4969
42.9217000	227.4969
43.0263000	227.4971
43.1308000	227.4971
43.2353000	227.4973
43.3399000	227.4974
43.4444000	227.4975
43.5489000	227.4977
43.6535000	227.4978
43.7580000	227.4979
43.8625000	227.4980
43.9670000	227.4981
44.0716000	227.4982
44.1761000	227.4983
44.2806000	227.4984
44.3852000	227.4985
44.4895000	227.9923
44.5941000	227.9924
44.6985000	227.9925
44.8031000	227.9926
44.9077000	227.9927
45.0122000	227.9928
45.1167000	227.9929
45.2213000	227.9929
45.3256000	228.4868
45.4302000	228.4868
45.5347000	228.4870
45.6392000	228.4870
45.7438000	228.4872
45.8483000	228.4873
45.9527000	228.9811
46.0572000	228.9811
46.1617000	228.9813
46.2663000	228.9814
46.3708000	228.9815
46.4753000	228.9816
46.5796000	229.4754
46.6842000	229.4755
46.7888000	229.4756
46.8933000	229.4757
46.9978000	229.4758
47.1024000	229.4759
47.2067000	229.9697
47.3113000	229.9698
47.4158000	229.9699
47.5203000	229.9700
47.6249000	229.9701
47.7294000	229.9702
47.8338000	230.4640
47.9383000	230.4641
48.0428000	230.4642
48.1474000	230.4643
48.2519000	230.4644
48.3564000	230.4645
48.4610000	230.4646
48.5653000	230.9584
48.6699000	230.9585
48.7744000	230.9586
48.8789000	230.9586
48.9832000	231.4525
49.0878000	231.4526
49.1924000	231.4527
49.2969000	231.4527
49.4014000	231.4529
49.5060000	231.4530
49.6105000	231.4531
49.7149000	231.4533
49.8194000	231.9470
49.9239000	231.9471
50.0283000	232.4409
50.1329000	232.4410
50.2374000	232.4411
50.3418000	232.4412
50.4464000	232.4413
50.5510000	232.4414
50.6554000	232.9352
50.7599000	232.9353
50.8643000	232.9354
50.9689000	232.9355
51.0735000	232.9356
51.1780000	232.9357
51.2825000	232.9358
51.3869000	233.4296
51.4915000	233.4297
51.5960000	233.4298
51.7005000	233.4299
51.8050000	233.4300
51.9096000	233.4301
52.0141000	233.4303
52.1186000	233.4304
52.2230000	233.9241
52.3275000	233.9242
52.4321000	233.9243
52.5366000	233.9243
52.6411000	233.9245
52.7457000	233.9247
52.8502000	233.9247
52.9546000	233.9249
53.0593000	233.9250
53.1638000	233.9251
53.2683000	233.9252
53.3728000	233.9253
53.4774000	233.9254
53.5819000	233.9255
53.6864000	233.9256
53.7910000	233.9257
53.8955000	233.9258
54.0000000	233.9260
54.1046000	233.9261
54.2091000	233.9262
54.3136000	233.9263
54.4181000	233.9264
54.5227000	233.9264
54.6272000	233.9266
54.7317000	233.9266
54.8363000	233.9268
54.9407000	233.9268
55.0453000	233.9270
55.1498000	233.9271
55.2544000	233.9272
55.3589000	233.9273
55.4634000	233.9275
55.5680000	233.9276
55.6724000	233.9277
55.7770000	233.9278
55.8816000	233.9279
55.9862000	233.4343
56.0908000	233.4344
56.1953000	233.4346
56.2998000	233.4346
56.4043000	233.4348
56.5089000	233.4349
56.6134000	233.4350
56.7179000	233.4351
56.8226000	232.9415
56.9271000	232.9416
57.0317000	232.9418
57.1362000	232.9419
57.2407000	232.9420
57.3453000	232.9421
57.4499000	232.4485
57.5545000	232.4485
57.6590000	232.4487
57.7635000	232.4487
57.8679000	232.4490
57.9727000	231.9554
58.0772000	231.9555
58.1818000	231.9556
58.2863000	231.9557
58.3908000	231.9558
58.4955000	231.4623
58.6000000	231.4624
58.7046000	231.4625
58.8091000	231.4626
58.9138000	230.9691
59.0183000	230.9691
59.1228000	230.9693
59.2274000	230.9694
59.3320000	230.4758
59.4365000	230.4759
59.5411000	230.4760
59.6456000	230.4762
59.7503000	229.9826
59.8548000	229.9827
59.9594000	229.9828
60.0639000	229.9828
60.1686000	229.4894
60.2731000	229.4895
60.3776000	229.4896
60.4823000	228.9960
60.5868000	228.9961
60.6913000	228.9963
60.7959000	228.9964
60.9005000	228.5028
61.0051000	228.5029
61.1096000	228.5030
61.2141000	228.5030
61.3188000	228.0096
61.4233000	228.0097
61.5279000	228.0098
61.6324000	228.0099
61.7370000	227.5164
61.8416000	227.5165
61.9463000	227.0229
62.0508000	227.0230
62.1553000	227.0231
62.2599000	227.0232
62.3644000	227.0233
62.4691000	226.5298
62.5735000	226.5299
62.6781000	226.5300
62.7828000	226.0365
62.8873000	226.0366
62.9919000	226.0367
63.0964000	226.0368
63.2011000	225.5432
63.3056000	225.5433
63.4102000	225.0498
63.5148000	225.0499
63.6193000	225.0500
63.7239000	225.0501
63.8285000	224.5566
63.9331000	224.5567
64.0376000	224.5568
64.1421000	224.5569
64.2468000	224.0633
64.3513000	224.0634
64.4560000	223.5699
64.5605000	223.5699
64.6650000	223.5701
64.7696000	223.5702
64.8742000	223.0767
64.9788000	223.0768
65.0833000	223.0769
65.1880000	222.5833
65.2925000	222.5834
65.3972000	222.0899
65.5017000	222.0900
65.6061000	222.0901
65.7107000	222.0902
65.8154000	221.5967
65.9200000	221.5968
66.0245000	221.5969
66.1290000	221.5970
66.2337000	221.1034
66.3382000	221.1035
66.4429000	220.6099
66.5474000	220.6101
66.6520000	220.6101
66.7565000	220.6103
66.8612000	220.1168
66.9657000	220.1169
67.0702000	220.1170
67.1749000	219.6234
67.2793000	219.6235
67.3841000	219.1300
67.4886000	219.1301
67.5932000	219.1302
67.6977000	219.1303
67.8024000	218.6368
67.9069000	218.6369
68.0114000	218.6370
68.1161000	218.1434
68.2206000	218.1435
68.3253000	217.6500
68.4298000	217.6501
68.5344000	217.6502
68.6390000	217.1566
68.7436000	217.1567
68.8481000	217.1569
68.9526000	217.1570
69.0573000	216.6634
69.1618000	216.6635
69.2664000	216.6636
69.3709000	216.6637
69.4754000	216.6638
69.5798000	216.6639
69.6844000	216.6641
69.7891000	216.1705
69.8937000	216.1706
69.9982000	216.1707
70.1027000	216.1708
70.2073000	216.1709
70.3118000	216.1710
70.4165000	215.6775
70.5210000	215.6776
70.6255000	215.6777
70.7301000	215.6778
70.8346000	215.6779
70.9391000	215.6780
71.0436000	215.6781
71.1482000	215.6782
71.2527000	215.6784
71.3572000	215.6785
71.4618000	215.6785
71.5663000	215.6787
71.6707000	215.6787
71.7755000	215.1852
71.8800000	215.1853
71.9846000	215.1854
72.0891000	215.1856
72.1936000	215.1857
72.2981000	215.1858
72.4027000	215.1859
72.5072000	215.1860
72.6117000	215.1861
72.7163000	215.1862
72.8208000	215.1863
72.9253000	215.1864
73.0299000	215.1865
73.1344000	215.1865
73.2389000	215.1867
73.3434000	215.1868
73.4481000	214.6933
73.5526000	214.6934
73.6572000	214.6935
73.7617000	214.6936
73.8662000	214.6937
73.9708000	214.6938
74.0753000	214.6939
74.1798000	214.6940
74.2844000	214.6942
74.3889000	214.6943
74.4934000	214.6944
74.5979000	214.6945
74.7025000	214.6945
74.8070000	214.6947
74.9115000	214.6947
75.0161000	214.6949
75.1206000	214.6949
75.2251000	214.6951
75.3296000	214.6952
75.4342000	214.6953
75.5387000	214.6954
75.6432000	214.6956
75.7478000	214.6957
75.8523000	214.6958
75.9567000	214.6959
76.0614000	214.6960
76.1659000	214.6961
76.2704000	214.6962
76.3751000	214.2026
76.4796000	214.2028
76.5840000	214.2029
76.6886000	214.2030
76.7932000	214.2031
76.8977000	214.2032
77.0023000	214.2033
77.1068000	214.2034
77.2113000	214.2035
77.3159000	214.2036
77.4203000	214.2037
77.5249000	214.2038
77.6294000	214.2039
77.7340000	214.2040
77.8385000	214.2042
77.9430000	214.2043
78.0476000	214.2044
78.1521000	214.2045
78.2566000	214.2046
78.3611000	214.2046
78.4657000	214.2048
78.5702000	214.2049
78.6747000	214.2050
78.7793000	214.2051
78.8838000	214.2052
78.9885000	213.7117
79.0930000	213.7118
79.1975000	213.7119
79.3021000	213.7120
79.4066000	213.7121
79.5110000	213.7122
79.6158000	213.2187
79.7203000	213.2187
79.8248000	213.2189
79.9294000	213.2190
80.0339000	213.2191
80.1386000	212.7255
80.2431000	212.7257
80.3476000	212.7258
80.4522000	212.7259
80.5567000	212.7260
80.6612000	212.7261
80.7659000	212.2325
80.8704000	212.2326
80.9750000	212.2327
81.0795000	212.2328
81.1840000	212.2330
81.2886000	212.2331
81.3931000	212.2332
81.4978000	211.7396
81.6023000	211.7397
81.7067000	211.7398
81.8113000	211.7399
81.9159000	211.7401
82.0204000	211.7402
82.1251000	211.2466
82.2296000	211.2467
82.3341000	211.2468
82.4386000	211.2469
82.5432000	211.2469
82.6477000	211.2472
82.7523000	211.2473
82.8568000	211.2474
82.9615000	210.7538
83.0660000	210.7539
83.1705000	210.7540
83.2750000	210.7541
83.3796000	210.7542
83.4841000	210.7544
83.5886000	210.7545
83.6933000	210.2609
83.7978000	210.2610
83.9024000	210.2610
84.0069000	210.2612
84.1114000	210.2612
84.2160000	210.2614
84.3205000	210.2616
84.4250000	210.2617
84.5295000	210.2618
84.6341000	210.2619
84.7386000	210.2620
84.8431000	210.2621
84.9477000	210.2622
85.0522000	210.2623
85.1567000	210.2624
85.2612000	210.2625
85.3658000	210.2626
85.4703000	210.2627
85.5748000	210.2628
85.6794000	210.2630
85.7839000	210.2631
85.8883000	210.2631
85.9929000	210.2633
86.0975000	210.2634
86.2020000	210.2635
86.3065000	210.2636
86.4111000	210.2637
86.5156000	210.2638
86.6200000	210.2639
86.7247000	210.2640
86.8292000	210.2641
86.9337000	210.2642
87.0383000	210.2644
87.1426000	210.7581
87.2472000	210.7582
87.3517000	210.7583
87.4562000	210.7584
87.5608000	210.7585
87.6653000	210.7587
87.7698000	210.7588
87.8742000	210.7589
87.9788000	210.7590
88.0834000	210.7591
88.1879000	210.7591
88.2925000	210.7593
88.3970000	210.7593
88.5015000	210.7595
88.6059000	211.2533
88.7104000	211.2534
88.8150000	211.2535
88.9195000	211.2536
89.0240000	211.2537
89.1286000	211.2538
89.2331000	211.2539
89.3376000	211.2540
89.4421000	211.2541
89.5467000	211.2542
89.6512000	211.2544
89.7557000	211.2545
89.8603000	211.2546
89.9647000	211.2547
90.0693000	211.2548
90.1739000	211.2549
90.2784000	211.2550
90.3829000	211.2551
90.4874000	211.2551
90.5920000	211.2553
90.6965000	211.2554
90.8010000	211.2555
90.9056000	211.2556
91.0101000	211.2558
91.1146000	211.2559
91.2191000	211.2560
91.3237000	211.2561
91.4282000	211.2562
91.5327000	211.2563
91.6373000	211.2564
91.7418000	211.2565
91.8463000	211.2566
91.9508000	211.2567
92.0554000	211.2568
92.1599000	211.2569
92.2644000	211.2570
92.3690000	211.2572
92.4735000	211.2572
92.5779000	211.2574
92.6825000	211.2575
92.7871000	211.2576
92.8916000	211.2577
92.9962000	211.2578
93.1007000	211.2579
93.2052000	211.2580
93.3096000	211.2581
93.4143000	211.2582
93.5188000	211.2583
93.6233000	211.2584
93.7279000	211.2585
93.8324000	211.2587
93.9369000	211.2588
94.0414000	211.2589
94.1460000	211.2590
94.2505000	211.2591
94.3550000	211.2591
94.4596000	211.2593
94.5641000	211.2594
94.6686000	211.2595
94.7732000	211.2596
94.8777000	211.2597
94.9822000	211.2598
95.0867000	211.2599
95.1913000	211.2601
95.2958000	211.2602
95.4003000	211.2603
95.5049000	211.2604
95.6094000	211.2605
95.7139000	211.2606
95.8184000	211.2607
95.9230000	211.2608
96.0275000	211.2609
96.1320000	211.2610
96.2366000	211.2610
96.3411000	211.2612
96.4456000	211.2612
96.5502000	211.2615
96.6547000	211.2616
96.7593000	210.7680
96.8639000	210.7681
96.9684000	210.7682
97.0729000	210.7683
97.1775000	210.7684
97.2820000	210.7685
97.3865000	210.7687
97.4910000	210.7688
97.5956000	210.7689
97.7001000	210.7690
97.8047000	210.7691
97.9092000	210.7692
98.0137000	210.7692
98.1182000	210.7694
98.2227000	210.7694
98.3273000	210.7696
98.4318000	210.7697
98.5364000	210.7698
98.6409000	210.7699
98.7454000	210.7701
98.8500000	210.7702
98.9545000	210.7703
99.0590000	210.7704
99.1635000	210.7705
99.2681000	210.7706
99.3726000	210.7707
99.4771000	210.7708
99.5817000	210.7709
99.6863000	210.2774
99.7909000	210.2775
99.8954000	210.2776
100.1044000	210.2778
100.2090000	210.2779
100.3135000	210.2780
100.4180000	210.2781
100.5226000	210.2782
100.6271000	210.2783
100.7316000	210.2784
100.8362000	210.2785
100.9407000	210.2787
101.0452000	210.2788
101.1497000	210.2789
101.2543000	210.2790
101.3588000	210.2791
101.4633000	210.2792
101.5678000	210.2793
101.6724000	210.2793
101.7769000	210.2795
101.8815000	210.2796
101.9860000	210.2797
102.0905000	210.2798
102.1950000	210.2799
102.2995000	210.2800
102.4041000	210.2802
102.5088000	209.7866
102.6133000	209.7867
