#DataThief C:\Stuff\Judit\Dark Matter Research\Datathief\nord-120kpc-blackhole.png Thursday 26-Dec-2019 5:09:37 PM
0.0085884000	360.7406000000
0.0085944000	360.7403000000
0.0086004000	360.2471000000
0.0086063000	360.2471000000
0.0086123000	360.2469000000
0.0086183000	359.7538000000
0.0086242000	359.7536000000
0.0086302000	359.7536000000
0.0086362000	359.7534000000
0.0086421000	359.7534000000
0.0086481000	359.2603000000
0.0086541000	359.2603000000
0.0086601000	359.2601000000
0.0086660000	359.2599000000
0.0086720000	359.2599000000
0.0086780000	358.7666000000
0.0086839000	358.7664000000
0.0086959000	358.2731000000
0.0087018000	357.7793000000
0.0087078000	356.7924000000
0.0087138000	355.8054000000
0.0087198000	355.3120000000
0.0259000000	354.8185000000
0.0259100000	353.4444440000
0.0259200000	353.3344546600
0.0259300000	352.3445565600
0.0259400000	351.4546567600
0.0259500000	350.4556676800
0.0259600000	349.3902000000
0.0259700000	348.3435454500
0.0259800000	347.4567675400
0.0259900000	346.2335564600
0.0260000000	345.3446546500
0.0261100000	344.4554000000
0.0290000000	343.3546565000
0.0300000000	342.3454646000
0.0320000000	341.2334354500
0.0432000000	340.5074000000
0.0432123000	339.3435454500
0.0433000000	337.0533000000
0.0433143500	336.5765767000
0.0434123400	335.5676744500
0.0434235500	334.4665757000
0.0434355600	333.4565768900
0.0435000000	332.6118000000
0.0436000000	331.6249000000
0.0605000000	331.1317000000
0.0605100000	330.2343434000
0.0605200000	329.3345453000
0.0605300000	328.2343450000
0.0605400000	327.3454500000
0.0605500000	326.0323400000
0.0606000000	326.1968000000
0.0778000000	319.7816000000
0.0779000000	314.8467000000
0.0951000000	309.4186000000
0.0952000000	304.4837000000
0.1124000000	299.5490000000
0.1125000000	295.6011000000
0.1297000000	290.6663000000
0.1298000000	286.7185000000
0.1470000000	280.3034000000
0.1643000000	271.9143000000
0.1644000000	269.4469000000
0.1816000000	262.0447000000
0.1817000000	259.0838000000
0.1989000000	251.1882000000
0.1990000000	248.7208000000
0.2162000000	241.8121000000
0.2163000000	240.8252000000
0.2335000000	232.9295000000
0.2336000000	230.9556000000
0.2337000000	222.5663000000
0.2508000000	222.0730000000
0.2509000000	220.5925000000
0.2510000000	219.2322340000
0.2520000000	218.3343440000
0.2530000000	217.3434454500
0.2540000000	216.3435350000
0.2550000000	215.3454545400
0.2560000000	214.3435456500
0.2600000000	213.3545454000
0.2681000000	212.6968000000
0.2682000000	211.2165000000
0.2682100000	210.3434535500
0.2682200000	209.3434340000
0.2682230000	208.3435545000
0.2682400000	207.4556560000
0.2682500000	206.4545460000
0.2682600000	205.5677545400
0.2682700000	204.4556560000
0.2682800000	203.5467675000
0.2683000000	202.8272000000
0.2854000000	202.3338000000
0.3028000000	195.9186000000
0.3029000000	192.9578000000
0.3202000000	189.0101000000
0.3375000000	184.0754000000
0.3376000000	183.0885000000
0.3549000000	179.1408000000
0.3550000000	175.1929000000
0.3723000000	174.6996000000
0.3897000000	170.2584000000
0.4070000000	166.8042000000
0.4243000000	163.8435000000
0.4245000000	161.8695000000
0.4418000000	160.8828000000
0.4592000000	158.4155000000
0.4766000000	155.9483000000
0.4940000000	153.4811000000
0.5114000000	151.0138000000
0.5288000000	148.5466000000
0.5462000000	146.5729000000
0.5636000000	144.1057000000
0.5810000000	142.1319000000
0.5983000000	139.1712000000
0.5984000000	138.1842000000
0.6157000000	136.2105000000
0.6158000000	135.2235000000
0.6331000000	134.2367000000
0.6332000000	133.2498000000
0.6505000000	132.2630000000
0.6679000000	130.2893000000
0.6680000000	129.3023000000
0.6853000000	128.8090000000
0.6854000000	127.8220000000
0.7027000000	126.8353000000
0.7201000000	125.3550000000
0.7202000000	124.8615000000
0.7375000000	123.8748000000
0.7376000000	123.3813000000
0.7549000000	122.3945000000
0.7550000000	121.9010000000
0.7724000000	120.4208000000
0.7898000000	119.4340000000
0.8072000000	117.9538000000
0.8246000000	116.9670000000
0.8420000000	115.4867000000
0.8594000000	114.5000000000
0.8768000000	113.5131000000
0.8942000000	112.5265000000
0.9116000000	111.0462000000
0.9290000000	110.5529000000
0.9464000000	109.0727000000
0.9639000000	108.5794000000
0.9813000000	107.5926000000
0.9987000000	107.0994000000
1.0161000000	106.1126000000
1.0335000000	104.6324000000
1.0509000000	104.1391000000
1.0683000000	103.6458000000
1.0857000000	102.6590000000
1.1031000000	102.1658000000
1.1032000000	101.6723000000
1.1206000000	101.1790000000
1.1380000000	100.6857000000
1.1554000000	99.6989000000
1.1728000000	99.2057000000
1.1902000000	98.2189000000
1.2076000000	97.7257000000
1.2250000000	97.2324000000
1.2425000000	96.2456000000
1.2599000000	95.7523000000
1.2772000000	95.2591000000
1.2947000000	94.2723000000
1.3121000000	93.7790000000
1.3295000000	93.2858000000
1.3469000000	92.7925000000
1.3644000000	91.8056000000
1.3818000000	91.3125000000
1.3992000000	90.8192000000
1.4166000000	90.3259000000
1.4340000000	89.3391000000
1.4514000000	88.8458000000
1.4687000000	88.3526000000
1.4862000000	87.8593000000
1.4863000000	87.3658000000
1.5037000000	86.8726000000
1.5211000000	86.3793000000
1.5385000000	85.8860000000
1.5558000000	85.3930000000
1.5733000000	85.3927000000
1.5907000000	84.8997000000
1.6082000000	84.4071000000
1.6256000000	84.4068000000
1.6430000000	84.4066000000
1.6604000000	84.4064000000
1.6778000000	83.9138000000
1.6953000000	83.4205000000
1.7127000000	82.9272000000
1.7301000000	82.4342000000
1.7475000000	82.4340000000
1.7649000000	81.9409000000
1.7823000000	81.4476000000
1.7997000000	80.9543000000
1.8172000000	80.4611000000
1.8346000000	79.9680000000
1.8519000000	79.9678000000
1.8694000000	79.4747000000
1.8868000000	78.9815000000
1.9043000000	78.4884000000
1.9217000000	78.4882000000
1.9391000000	77.9950000000
1.9565000000	77.5019000000
1.9739000000	77.0088000000
1.9912000000	77.0086000000
2.0088000000	76.5154000000
2.0262000000	76.0223000000
2.0436000000	75.5292000000
2.0610000000	75.5290000000
2.0784000000	75.0359000000
2.0958000000	74.5429000000
2.1133000000	74.5426000000
2.1307000000	74.0496000000
2.1481000000	73.5565000000
2.1655000000	73.5563000000
2.1829000000	73.0633000000
2.2004000000	72.5699000000
2.2178000000	72.0767000000
2.2352000000	71.5836000000
2.2526000000	71.5834000000
2.2700000000	71.0908000000
2.2873000000	71.0906000000
2.3049000000	71.0904000000
2.3223000000	70.5975000000
2.3397000000	70.1043000000
2.3571000000	69.6114000000
2.3745000000	69.6112000000
2.3920000000	69.6110000000
2.4094000000	69.1184000000
2.4268000000	69.1181000000
2.4442000000	68.6253000000
2.4616000000	68.6251000000
2.4790000000	68.1318000000
2.4965000000	67.6392000000
2.5139000000	67.6390000000
2.5312000000	67.6388000000
2.5487000000	67.1459000000
2.5661000000	66.6528000000
2.5836000000	66.6526000000
2.6010000000	66.1602000000
2.6183000000	66.1600000000
2.6358000000	66.1598000000
2.6532000000	66.1596000000
2.6707000000	65.6669000000
2.6881000000	65.1743000000
2.7055000000	65.1741000000
2.7229000000	65.1739000000
2.7403000000	65.1737000000
2.7578000000	64.6810000000
2.7752000000	64.1884000000
2.7926000000	64.1882000000
2.8100000000	64.1880000000
2.8274000000	64.1878000000
2.8448000000	63.6951000000
2.8622000000	63.2023000000
2.8797000000	63.2021000000
2.8971000000	63.2019000000
2.9144000000	62.7095000000
2.9319000000	62.7092000000
2.9494000000	62.7090000000
2.9668000000	62.2164000000
2.9842000000	62.2162000000
3.0016000000	61.7238000000
3.0190000000	61.7235000000
3.0365000000	61.7233000000
3.0539000000	61.7231000000
3.0713000000	61.2309000000
3.0887000000	61.2307000000
3.1061000000	61.2305000000
3.1236000000	60.7379000000
3.1410000000	60.7376000000
3.1584000000	60.2452000000
3.1758000000	60.2450000000
3.1932000000	60.2448000000
3.2107000000	60.2446000000
3.2281000000	59.7526000000
3.2455000000	59.7524000000
3.2629000000	59.7522000000
3.2803000000	59.7520000000
3.2978000000	59.2595000000
3.3152000000	59.2593000000
3.3326000000	58.7669000000
3.3500000000	58.7667000000
3.3674000000	58.7665000000
3.3849000000	58.7663000000
3.4022000000	58.2743000000
3.4197000000	58.2741000000
3.4371000000	58.2739000000
3.4545000000	58.2736000000
3.4720000000	57.7814000000
3.4894000000	57.7812000000
3.5068000000	57.7810000000
3.5242000000	57.2888000000
3.5415000000	57.2886000000
3.5591000000	57.2884000000
3.5765000000	57.2882000000
3.5939000000	56.7960000000
3.6113000000	56.7957000000
3.6287000000	56.7955000000
3.6461000000	56.3033000000
3.6636000000	56.3031000000
3.6810000000	56.3029000000
3.6984000000	56.3027000000
3.7158000000	55.8107000000
3.7332000000	55.8105000000
3.7507000000	55.8103000000
3.7681000000	55.8101000000
3.7854000000	55.3179000000
3.8029000000	55.3176000000
3.8204000000	55.3174000000
3.8378000000	54.8250000000
3.8552000000	54.8248000000
3.8726000000	54.8246000000
3.8900000000	54.3322000000
3.9075000000	54.3320000000
3.9249000000	54.3317000000
3.9423000000	53.8397000000
3.9597000000	53.8395000000
3.9771000000	53.8393000000
3.9946000000	53.8391000000
4.0120000000	53.8389000000
4.0294000000	53.3471000000
4.0468000000	53.3469000000
4.0642000000	53.3467000000
4.0817000000	53.3465000000
4.0991000000	52.8547000000
4.1165000000	52.8545000000
4.1339000000	52.8542000000
4.1513000000	52.8540000000
4.1688000000	52.8538000000
4.1862000000	52.3623000000
4.2036000000	52.3620000000
4.2210000000	52.3618000000
4.2384000000	52.3617000000
4.2559000000	52.3614000000
4.2732000000	51.8699000000
4.2907000000	51.8697000000
4.3081000000	51.8695000000
4.3255000000	51.8692000000
4.3430000000	51.8690000000
4.3604000000	51.3775000000
4.3778000000	51.3773000000
4.3952000000	51.3770000000
4.4126000000	51.3768000000
4.4301000000	51.3766000000
4.4475000000	50.8851000000
4.4649000000	50.8848000000
4.4823000000	50.8846000000
4.4997000000	50.8843000000
4.5171000000	50.8841000000
4.5346000000	50.3924000000
4.5520000000	50.3921000000
4.5694000000	50.3920000000
4.5868000000	50.3918000000
4.6042000000	49.9000000000
4.6217000000	49.8998000000
4.6391000000	49.8996000000
4.6564000000	49.8994000000
4.6739000000	49.8992000000
4.6914000000	49.4076000000
4.7088000000	49.4074000000
4.7262000000	49.4072000000
4.7436000000	49.4070000000
4.7610000000	49.4067000000
4.7785000000	48.9152000000
4.7959000000	48.9150000000
4.8133000000	48.9148000000
4.8307000000	48.9144000000
4.8481000000	48.9143000000
4.8656000000	48.4230000000
4.8830000000	48.4228000000
4.9003000000	48.4226000000
4.9178000000	48.4223000000
4.9353000000	48.4221000000
4.9527000000	48.4219000000
4.9701000000	47.9308000000
4.9875000000	47.9306000000
5.0049000000	47.9304000000
5.0224000000	47.9301000000
5.0398000000	47.9299000000
5.0572000000	47.9297000000
5.0746000000	47.4386000000
5.0920000000	47.4384000000
5.1095000000	47.4382000000
5.1269000000	47.4380000000
5.1443000000	47.4377000000
5.1617000000	47.4375000000
5.1791000000	46.9464000000
5.1966000000	46.9462000000
5.2140000000	46.9460000000
5.2314000000	46.9458000000
5.2488000000	46.9455000000
5.2662000000	46.9453000000
5.2837000000	46.4540000000
5.3011000000	46.4538000000
5.3185000000	46.4536000000
5.3359000000	46.4533000000
5.3533000000	46.4531000000
5.3708000000	45.9618000000
5.3881000000	45.9616000000
5.4056000000	45.9614000000
5.4230000000	45.9611000000
5.4405000000	45.9609000000
5.4579000000	45.9607000000
5.4753000000	45.4700000000
5.4927000000	45.4698000000
5.5101000000	45.4696000000
5.5276000000	45.4694000000
5.5450000000	45.4692000000
5.5624000000	45.4689000000
5.5798000000	45.4687000000
5.5972000000	45.4685000000
5.6147000000	44.9778000000
5.6320000000	44.9776000000
5.6495000000	44.9774000000
5.6669000000	44.9771000000
5.6843000	44.97690000
5.7018000	44.97670000
5.7191000	44.48600000
5.7366000	44.48580000
5.7540000	44.48560000
5.7713000	44.48540000
5.7889000	44.48520000
5.8063000	44.48490000
5.8237000	44.48480000
5.8411000	44.48450000
5.8585000	43.99410000
5.8760000	43.99380000
5.8934000	43.99360000
5.9108000	43.99330000
5.9282000	43.99310000
5.9457000	43.99290000
5.9630000	43.99280000
5.9805000	43.50270000
5.9979000	43.50250000
6.0153000	43.50230000
6.0328000	43.50210000
6.0502000	43.50190000
6.0676000	43.50160000
6.0850000	43.50130000
6.1024000	43.50110000
6.1199000	43.50100000
6.1373000	43.50080000
6.1547000	43.01140000
6.1721000	43.01120000
6.1895000	43.01100000
6.2070000	43.01070000
6.2244000	43.01050000
6.2418000	43.01030000
6.2591000	43.01010000
6.2767000	43.00990000
6.2941000	43.00970000
6.3115000	43.00940000
6.3289000	42.52000000
6.3463000	42.51980000
6.3638000	42.51960000
6.3812000	42.51940000
6.3986000	42.51920000
6.4160000	42.51900000
6.4334000	42.51880000
6.4509000	42.51850000
6.4683000	42.51830000
6.4857000	42.51810000
6.5030000	42.02930000
6.5205000	42.02910000
6.5380000	42.02890000
6.5554000	42.02870000
6.5728000	42.02850000
6.5901000	42.02830000
6.6077000	42.02810000
6.6251000	42.02780000
6.6425000	42.02760000
6.6599000	42.02740000
6.6773000	42.02720000
6.6947000	42.02700000
6.7122000	42.02680000
6.7296000	41.53840000
6.7469000	41.53820000
6.7644000	41.53800000
6.7819000	41.53770000
6.7993000	41.53750000
6.8167000	41.53730000
6.8340000	41.53710000
6.8515000	41.53690000
6.8690000	41.53670000
6.8864000	41.53650000
6.9038000	41.53630000
6.9212000	41.53610000
6.9386000	41.04710000
6.9561000	41.04690000
6.9735000	41.04670000
6.9909000	41.04650000
7.0083000	41.04620000
7.0258000	41.04600000
7.0432000	41.04580000
7.0606000	41.04560000
7.0780000	41.04540000
7.0954000	41.04520000
7.1129000	40.55580000
7.1303000	40.55540000
7.1477000	40.55530000
7.1651000	40.55510000
7.1825000	40.55490000
7.2000000	40.55470000
7.2174000	40.55450000
7.2348000	40.55430000
7.2522000	40.55400000
7.2697000	40.55370000
7.2871000	40.06440000
7.3045000	40.06420000
7.3219000	40.06400000
7.3393000	40.06380000
7.3568000	40.06360000
7.3742000	40.06330000
7.3916000	40.06310000
7.4090000	40.06290000
7.4264000	40.06270000
7.4439000	40.06250000
7.4613000	39.57310000
7.4787000	39.57290000
7.4961000	39.57270000
7.5135000	39.57240000
7.5310000	39.57220000
7.5484000	39.57200000
7.5657000	39.57180000
7.5832000	39.57160000
7.6007000	39.57140000
7.6181000	39.57110000
7.6355000	39.08240000
7.6529000	39.08220000
7.6703000	39.08200000
7.6878000	39.08170000
7.7052000	39.08150000
7.7226000	39.08130000
7.7400000	39.08110000
7.7574000	39.08090000
7.7749000	39.08070000
7.7923000	39.08050000
7.8096000	39.08020000
7.8271000	39.08000000
7.8445000	39.07980000
7.8620000	38.59130000
7.8794000	38.59100000
7.8968000	38.59080000
7.9142000	38.59060000
7.9317000	38.59040000
7.9491000	38.59010000
7.9665000	38.58990000
7.9839000	38.58970000
8.0013000	38.58950000
8.0188000	38.58930000
8.0362000	38.58910000
8.0536000	38.10010000
8.0710000	38.09990000
8.0884000	38.09970000
8.1059000	38.09950000
8.1233000	38.09930000
8.1407000	38.09910000
8.1581000	38.09880000
8.1755000	38.09860000
8.1930000	38.09840000
8.2104000	38.09820000
8.2278000	38.09800000
8.2452000	37.60880000
8.2627000	37.60860000
8.2801000	37.60840000
8.2974000	37.60820000
8.3149000	37.60780000
8.3323000	37.60770000
8.3498000	37.60750000
8.3672000	37.60730000
8.3846000	37.60710000
8.4020000	37.60690000
8.4194000	37.11810000
8.4369000	37.11790000
8.4543000	37.11770000
8.4717000	37.11750000
8.4891000	37.11720000
8.5065000	37.11700000
8.5240000	37.11680000
8.5413000	37.11660000
8.5588000	37.11640000
8.5762000	37.11620000
8.5937000	37.11600000
8.6111000	37.11570000
8.6284000	37.11550000
8.6459000	36.62700000
8.6633000	36.62680000
8.6808000	36.62650000
8.6982000	36.62630000
8.7156000	36.62610000
8.7330000	36.62590000
8.7504000	36.62570000
8.7679000	36.62550000
8.7852000	36.62530000
8.8027000	36.62500000
8.8201000	36.62480000
8.8375000	36.13650000
8.8550000	36.13630000
8.8723000	36.13600000
8.8898000	36.13590000
8.9072000	36.13560000
8.9247000	36.13540000
8.9421000	36.13520000
8.9595000	36.13500000
8.9769000	36.13480000
8.9943000	36.13460000
9.0118000	36.13430000
9.0292000	36.13410000
9.0466000	36.13390000
9.0640000	36.13370000
9.0814000	35.64540000
9.0989000	35.64520000
9.1163000	35.64490000
9.1337000	35.64470000
9.1511000	35.64440000
9.1685000	35.64420000
9.1860000	35.64410000
9.2034000	35.64390000
9.2208000	35.64370000
9.2382000	35.64340000
9.2557000	35.64320000
9.2731000	35.15510000
9.2905000	35.15490000
9.3079000	35.15470000
9.3253000	35.15450000
9.3428000	35.15430000
9.3602000	35.15400000
9.3776000	35.15380000
9.3950000	35.15360000
9.4123000	35.15340000
9.4299000	35.15320000
9.4473000	35.15300000
9.4647000	35.15270000
9.4821000	35.15250000
9.4996000	35.15220000
9.5170000	35.15210000
9.5344000	34.66480000
9.5518000	34.66460000
9.5692000	34.66440000
9.5867000	34.66420000
9.6040000	34.66400000
9.6215000	34.66380000
9.6389000	34.66360000
9.6562000	34.66330000
9.6738000	34.66310000
9.6912000	34.66290000
9.7086000	34.66270000
9.7260000	34.66250000
9.7435000	34.66230000
9.7609000	34.66210000
9.7783000	34.66180000
9.7957000	34.17430000
9.8131000	34.17420000
9.8306000	34.17390000
9.8479000	34.17370000
9.8654000	34.17350000
9.8828000	34.17330000
9.9002000	34.17310000
9.9177000	34.17290000
9.9351000	34.17260000
9.9525000	34.17240000
9.9699000	34.17220000
9.9872000	34.17200000
10.0048000	34.17180000
10.0222000	34.17160000
10.0396000	33.68500000
10.0570000	33.68460000
10.0744000	33.68440000
10.0919000	33.68430000
10.1093000	33.68410000
10.1267000	33.68390000
10.1441000	33.68370000
10.1616000	33.68350000
10.1790000	33.68320000
10.1964000	33.68300000
10.2138000	33.68270000
10.2312000	33.68250000
10.2487000	33.68240000
10.2661000	33.68220000
10.2835000	33.68200000
10.3009000	33.68170000
10.3184000	33.68150000
10.3357000	33.68130000
10.3532000	33.68110000
10.3706000	33.19530000
10.3880000	33.19510000
10.4055000	33.19490000
10.4229000	33.19470000
10.4403000	33.19450000
10.4577000	33.19430000
10.4751000	33.19410000
10.4926000	33.19380000
10.5100000	33.19360000
10.5274000	33.19340000
10.5448000	33.19320000
10.5622000	33.19300000
10.5796000	33.19280000
10.5971000	33.19250000
10.6145000	33.19230000
10.6319000	33.19210000
10.6494000	33.19190000
10.6667000	33.19170000
10.6842000	32.70550000
10.7016000	32.70530000
10.7189000	32.70500000
10.7365000	32.70480000
10.7539000	32.70460000
10.7713000	32.70440000
10.7887000	32.70420000
10.8061000	32.70400000
10.8235000	32.70380000
10.8410000	32.70360000
10.8584000	32.70340000
10.8758000	32.70310000
10.8933000	32.70290000
10.9106000	32.70270000
10.9281000	32.70250000
10.9455000	32.70230000
10.9628000	32.70210000
10.9804000	32.21610000
10.9978000	32.21590000
11.0152000	32.21570000
11.0326000	32.21550000
11.0500000	32.21520000
11.0675000	32.21500000
11.0849000	32.21470000
11.1023000	32.21460000
11.1197000	32.21440000
11.1371000	32.21420000
11.1546000	32.21400000
11.1720000	32.21370000
11.1894000	32.21350000
11.2068000	32.21330000
11.2243000	32.21310000
11.2417000	32.21290000
11.2591000	32.21270000
11.2765000	32.21240000
11.2939000	32.21220000
11.3114000	31.72780000
11.3288000	31.72760000
11.3462000	31.72730000
11.3636000	31.72710000
11.3810000	31.72690000
11.3985000	31.72670000
11.4159000	31.72650000
11.4333000	31.72630000
11.4506000	31.72610000
11.4682000	31.72580000
11.4856000	31.72560000
11.5030000	31.72540000
11.5204000	31.72520000
11.5377000	31.72500000
11.5553000	31.72480000
11.5727000	31.72450000
11.5901000	31.72430000
11.6075000	31.72410000
11.6249000	31.72390000
11.6423000	31.72370000
11.6598000	31.72350000
11.6772000	31.72330000
11.6945000	31.72290000
11.7121000	31.72270000
11.7295000	31.23860000
11.7469000	31.23840000
11.7643000	31.23820000
11.7816000	31.23790000
11.7992000	31.23770000
11.8166000	31.23750000
11.8340000	31.23730000
11.8514000	31.23710000
11.8688000	31.23680000
11.8862000	31.23660000
11.9037000	31.23640000
11.9211000	31.23620000
11.9385000	31.23600000
11.9560000	31.23580000
11.9734000	31.23560000
11.9908000	31.23540000
12.0082000	31.23510000
12.0256000	31.23490000
12.0431000	31.23470000
12.0605000	31.23450000
12.0779000	30.74940000
12.0953000	30.74920000
12.1127000	30.74900000
12.1302000	30.74870000
12.1476000	30.74850000
12.1650000	30.74830000
12.1824000	30.74810000
12.1998000	30.74790000
12.2173000	30.74770000
12.2347000	30.74750000
12.2521000	30.74710000
12.2695000	30.74690000
12.2870000	30.74680000
12.3044000	30.74660000
12.3218000	30.74640000
12.3392000	30.74620000
12.3566000	30.74600000
12.3740000	30.74570000
12.3915000	30.74550000
12.4089000	30.74520000
12.4263000	30.26100000
12.4437000	30.26080000
12.4612000	30.26060000
12.4786000	30.26040000
12.4960000	30.26020000
12.5133000	30.26000000
12.5309000	30.25980000
12.5483000	30.25960000
12.5657000	30.25930000
12.5831000	30.25910000
12.6005000	30.25890000
12.6179000	30.25870000
12.6354000	30.25850000
12.6528000	30.25830000
12.6702000	30.25810000
12.6876000	30.25780000
12.7050000	30.25760000
12.7225000	30.25740000
12.7399000	30.25720000
12.7572000	30.25700000
12.7748000	30.25680000
12.7922000	30.25650000
12.8096000	30.25630000
12.8270000	30.25610000
12.8444000	29.77210000
12.8618000	29.77190000
12.8793000	29.77170000
12.8967000	29.77130000
12.9141000	29.77110000
12.9315000	29.77100000
12.9489000	29.77080000
12.9664000	29.77060000
12.9838000	29.77040000
13.0012000	29.77020000
13.0187000	29.76990000
13.0361000	29.76970000
13.0535000	29.76940000
13.0709000	29.76920000
13.0883000	29.76910000
13.1058000	29.76890000
13.1232000	29.76860000
13.1406000	29.76840000
13.1580000	29.76820000
13.1754000	29.76800000
13.1929000	29.76780000
13.2103000	29.28380000
13.2277000	29.28350000
13.2451000	29.28330000
13.2625000	29.28310000
13.2800000	29.28290000
13.2974000	29.28270000
13.3148000	29.28250000
13.3322000	29.28220000
13.3497000	29.28200000
13.3671000	29.28180000
13.3845000	29.28160000
13.4019000	29.28140000
13.4193000	29.28120000
13.4368000	29.28100000
13.4542000	29.28070000
13.4716000	29.28050000
13.4889000	29.28030000
13.5065000	29.28010000
13.5239000	29.27990000
13.5413000	29.27970000
13.5587000	29.27950000
13.5760000	29.27920000
13.5936000	29.27900000
13.6110000	29.27880000
13.6284000	28.79630000
13.6458000	28.79610000
13.6632000	28.79590000
13.6806000	28.79550000
13.6981000	28.79530000
13.7155000	28.79520000
13.7328000	28.79500000
13.7503000	28.79480000
13.7678000	28.79460000
13.7852000	28.79430000
13.8026000	28.79410000
13.8199000	28.79390000
13.8375000	28.79360000
13.8549000	28.79340000
13.8723000	28.79330000
13.8897000	28.79310000
13.9071000	28.79280000
13.9245000	28.79260000
13.9420000	28.79240000
13.9594000	28.79220000
13.9768000	28.79200000
13.9943000	28.79170000
14.0117000	28.79150000
14.0291000	28.79130000
14.0465000	28.79110000
14.0639000	28.79090000
14.0814000	28.79070000
14.0988000	28.79050000
14.1162000	28.30900000
14.1336000	28.30880000
14.1510000	28.30860000
14.1685000	28.30840000
14.1859000	28.30820000
14.2033000	28.30800000
14.2207000	28.30770000
14.2381000	28.30750000
14.2556000	28.30730000
14.2730000	28.30710000
14.2904000	28.30690000
14.3078000	28.30670000
14.3253000	28.30640000
14.3427000	28.30620000
14.3601000	28.30600000
14.3775000	28.30580000
14.3949000	28.30560000
14.4123000	28.30540000
14.4298000	28.30520000
14.4472000	28.30490000
14.4646000	28.30470000
14.4820000	28.30450000
14.4995000	28.30430000
14.5169000	28.30410000
14.5343000	28.30390000
14.5516000	28.30370000
14.5692000	28.30340000
14.5866000	28.30320000
14.6040000	28.30300000
14.6214000	27.82240000
14.6388000	27.82220000
14.6562000	27.82200000
14.6737000	27.82180000
14.6911000	27.82160000
14.7085000	27.82130000
14.7259000	27.82110000
14.7433000	27.82090000
14.7608000	27.82070000
14.7782000	27.82050000
14.7955000	27.82030000
14.8131000	27.82010000
14.8305000	27.81970000
14.8479000	27.81950000
14.8653000	27.81940000
14.8827000	27.81920000
14.9002000	27.81900000
14.9176000	27.81880000
14.9350000	27.81850000
14.9524000	27.81830000
14.9698000	27.81810000
14.9872000	27.81780000
15.0047000	27.81760000
15.0221000	27.81750000
15.0395000	27.81730000
15.0570000	27.81700000
15.0744000	27.81680000
15.0918000	27.81660000
15.1092000	27.81640000
15.1266000	27.81620000
15.1441000	27.81590000
15.1615000	27.81570000
15.1789000	27.33840000
15.1963000	27.33820000
15.2137000	27.33800000
15.2312000	27.33770000
15.2486000	27.33750000
15.2660000	27.33730000
15.2833000	27.33710000
15.3009000	27.33690000
15.3183000	27.33670000
15.3357000	27.33650000
15.3531000	27.33620000
15.3705000	27.33600000
15.3880000	27.33570000
15.4054000	27.33560000
15.4228000	27.33540000
15.4402000	27.33520000
15.4576000	27.33490000
15.4751000	27.33470000
15.4925000	27.33450000
15.5099000	27.33430000
15.5272000	27.33410000
15.5448000	27.33380000
15.5622000	27.33360000
15.5796000	27.33340000
15.5970000	27.33320000
15.6143000	27.33300000
15.6319000	27.33280000
15.6493000	27.33260000
15.6667000	27.33240000
15.6841000	27.33220000
15.7016000	27.33190000
15.7189000	27.33170000
15.7364000	27.33150000
15.7538000	27.33130000
15.7711000	27.33110000
15.7887000	27.33090000
15.8061000	27.33060000
15.8235000	27.33040000
15.8409000	27.33020000
15.8582000	27.33000000
15.8758000	27.32980000
15.8932000	27.32960000
15.9106000	27.32940000
15.9280000	27.32910000
15.9454000	26.85560000
15.9628000	26.85540000
15.9803000	26.85520000
15.9977000	26.85500000
16.0151000	26.85480000
16.0326000	26.85460000
16.0500000	26.85440000
16.0674000	26.85400000
16.0848000	26.85380000
16.1022000	26.85370000
16.1197000	26.85350000
16.1371000	26.85330000
16.1545000	26.85310000
16.1719000	26.85280000
16.1893000	26.85260000
16.2068000	26.85240000
16.2242000	26.85210000
16.2416000	26.85190000
16.2590000	26.85180000
16.2765000	26.85160000
16.2939000	26.85130000
16.3113000	26.85110000
16.3287000	26.85090000
16.3461000	26.85070000
16.3636000	26.85050000
16.3810000	26.85020000
16.3984000	26.85000000
16.4158000	26.84980000
16.4333000	26.84960000
16.4506000	26.84940000
16.4681000	26.84920000
16.4855000	26.84900000
16.5029000	26.84880000
16.5204000	26.84860000
16.5377000	26.84830000
16.5552000	26.84810000
16.5726000	26.84790000
16.5899000	26.84770000
16.6075000	26.84750000
16.6249000	26.84730000
16.6423000	26.84700000
16.6597000	26.84680000
16.6772000	26.84660000
16.6945000	26.84640000
16.7120000	26.84620000
16.7294000	26.84600000
16.7468000	26.84580000
16.7643000	26.84550000
16.7816000	26.84530000
16.7991000	26.84510000
16.8165000	26.37120000
16.8338000	26.37100000
16.8514000	26.37080000
16.8688000	26.37050000
16.8862000	26.37030000
16.9036000	26.37000000
16.9211000	26.36990000
16.9385000	26.36970000
16.9559000	26.36950000
16.9733000	26.36920000
16.9907000	26.36900000
17.0082000	26.36880000
17.0256000	26.36860000
17.0430000	26.36840000
17.0604000	26.36820000
17.0778000	26.36790000
17.0953000	26.36770000
17.1127000	26.36750000
17.1301000	26.36730000
17.1475000	26.36710000
17.1650000	26.36690000
17.1824000	26.36670000
17.1998000	26.36650000
17.2172000	26.36620000
17.2346000	26.36600000
17.2521000	26.36580000
17.2695000	26.36560000
17.2869000	26.36540000
17.3043000	26.36520000
17.3216000	26.36490000
17.3392000	26.36470000
17.3566000	26.36450000
17.3740000	26.36430000
17.3914000	26.36410000
17.4089000	26.36390000
17.4263000	26.36370000
17.4437000	26.36340000
17.4611000	26.36320000
17.4785000	26.36300000
17.4960000	26.36280000
17.5133000	26.36260000
17.5308000	26.36240000
17.5482000	25.88500000
17.5655000	25.88480000
17.5831000	25.88460000
17.6005000	25.88430000
17.6179000	25.88410000
17.6353000	25.88390000
17.6528000	25.88370000
17.6702000	25.88350000
17.6876000	25.88330000
17.7050000	25.88310000
17.7224000	25.88290000
17.7399000	25.88260000
17.7572000	25.88240000
17.7747000	25.88220000
17.7921000	25.88200000
17.8094000	25.88180000
17.8270000	25.88160000
17.8444000	25.88130000
17.8618000	25.88110000
17.8792000	25.88090000
17.8967000	25.88070000
17.9141000	25.88050000
17.9315000	25.88030000
17.9489000	25.88010000
17.9663000	25.87980000
17.9838000	25.87960000
18.0012000	25.87940000
18.0186000	25.87920000
18.0360000	25.87900000
18.0534000	25.87880000
18.0709000	25.87860000
18.0883000	25.87820000
18.1057000	25.87800000
18.1231000	25.87790000
18.1406000	25.40010000
18.1580000	25.39990000
18.1754000	25.39970000
18.1928000	25.39950000
18.2102000	25.39920000
18.2277000	25.39900000
18.2451000	25.39880000
18.2625000	25.39860000
18.2799000	25.39840000
18.2973000	25.39820000
18.3148000	25.39800000
18.3322000	25.39770000
18.3496000	25.39750000
18.3670000	25.39730000
18.3845000	25.39710000
18.4019000	25.39690000
18.4193000	25.39670000
18.4367000	25.39650000
18.4541000	25.39610000
18.4716000	25.39600000
18.4889000	25.39580000
18.5064000	25.39560000
18.5238000	25.39540000
18.5412000	25.39520000
18.5587000	25.39500000
18.5760000	25.39470000
18.5935000	25.39450000
18.6109000	25.39420000
18.6284000	25.39410000
18.6458000	25.39390000
18.6632000	25.39370000
18.6806000	25.39340000
18.6980000	25.39320000
18.7155000	25.39300000
18.7328000	25.39280000
18.7503000	25.39260000
18.7677000	25.39240000
18.7852000	25.39210000
18.8026000	25.39190000
18.8199000	25.39170000
18.8374000	24.91800000
18.8548000	24.91780000
18.8723000	24.91760000
18.8897000	24.91740000
18.9071000	24.91720000
18.9245000	24.91690000
18.9419000	24.91670000
18.9594000	24.91650000
18.9768000	24.91630000
18.9942000	24.91610000
19.0116000	24.91590000
19.0290000	24.91560000
19.0465000	24.91540000
19.0639000	24.91520000
19.0813000	24.91500000
19.0987000	24.91480000
19.1162000	24.91460000
19.1336000	24.91440000
19.1510000	24.91410000
19.1684000	24.91390000
19.1858000	24.91370000
19.2033000	24.91350000
19.2207000	24.91330000
19.2381000	24.91310000
19.2555000	24.91290000
19.2729000	24.91250000
19.2904000	24.91230000
19.3078000	24.91220000
19.3252000	24.91200000
19.3426000	24.91180000
19.3601000	24.91160000
19.3775000	24.91130000
19.3949000	24.91110000
19.4123000	24.91090000
19.4297000	24.91060000
19.4472000	24.91040000
19.4646000	24.91020000
19.4820000	24.91010000
19.4994000	24.90980000
19.5169000	24.90960000
19.5343000	24.90940000
19.5516000	24.90920000
19.5691000	24.90900000
19.5865000	24.90880000
19.6040000	24.90850000
19.6214000	24.90830000
19.6388000	24.90810000
19.6562000	24.90790000
19.6736000	24.90770000
19.6911000	24.90750000
19.7085000	24.90730000
19.7259000	24.90710000
19.7433000	24.90680000
19.7607000	24.42770000
19.7782000	24.42770000
19.7955000	24.42750000
19.8130000	24.42730000
19.8304000	24.42710000
19.8479000	24.42690000
19.8653000	24.42670000
19.8827000	24.42640000
19.9001000	24.42620000
19.9175000	24.42600000
19.9350000	24.42580000
19.9524000	24.42560000
19.9698000	24.42540000
19.9872000	24.42520000
20.0047000	24.42500000
20.0890000	23.59280000
20.1935000	23.59290000
20.2980000	23.59300000
20.4026000	23.59310000
20.5070000	23.59330000
20.6116000	23.59340000
20.7161000	23.59350000
20.8207000	23.59360000
20.9253000	23.10000000
21.0299000	23.10010000
21.1344000	23.10020000
21.2389000	23.10030000
21.3435000	23.10050000
21.4480000	23.10060000
21.5525000	23.10070000
21.6571000	23.10080000
21.7616000	23.10090000
21.8662000	22.60730000
21.9708000	22.60740000
22.0753000	22.60760000
22.1798000	22.60770000
22.2844000	22.60780000
22.3889000	22.60780000
22.4934000	22.60800000
22.5979000	22.60800000
22.7025000	22.60820000
22.8070000	22.60820000
22.9117000	22.11480000
23.0162000	22.11490000
23.1208000	22.11500000
23.2253000	22.11510000
23.3298000	22.11520000
23.4343000	22.11530000
23.5389000	22.11540000
23.6434000	22.11550000
23.7479000	22.11560000
23.8525000	22.11570000
23.9571000	21.62210000
24.0617000	21.62230000
24.1662000	21.62230000
24.2707000	21.62250000
24.3753000	21.62260000
24.4798000	21.62270000
24.5843000	21.62280000
24.6888000	21.62290000
24.7934000	21.62300000
24.8979000	21.62310000
25.0024000	21.62320000
25.1070000	21.62340000
25.2115000	21.62350000
25.3162000	21.12990000
25.4207000	21.13000000
25.5252000	21.13010000
25.6298000	21.13020000
25.7343000	21.13030000
25.8388000	21.13040000
25.9433000	21.13060000
26.0479000	21.13070000
26.1524000	21.13080000
26.2569000	21.13090000
26.3615000	21.13100000
26.4661000	20.63740000
26.5707000	20.63750000
26.6752000	20.63770000
26.7797000	20.63780000
26.8843000	20.63790000
26.9888000	20.63800000
27.0933000	20.63810000
27.1978000	20.63810000
27.3024000	20.63830000
27.4069000	20.63830000
27.5114000	20.63850000
27.6160000	20.14500000
27.7206000	20.14510000
27.8252000	20.14520000
27.9297000	20.14530000
28.0342000	20.14540000
28.1387000	20.14550000
28.2433000	20.14560000
28.3477000	20.14570000
28.4523000	20.14580000
28.5569000	20.14590000
28.6614000	20.14600000
28.7659000	20.14610000
28.8705000	20.14630000
28.9750000	20.14640000
29.0796000	19.65280000
29.1842000	19.65290000
29.2887000	19.65300000
29.3932000	19.65310000
29.4978000	19.65320000
29.6023000	19.65330000
29.7067000	19.65350000
29.8114000	19.65360000
29.9159000	19.65370000
30.0204000	19.65380000
30.1250000	19.65390000
30.2296000	19.16020000
30.3342000	19.16040000
30.4386000	19.16050000
30.5432000	19.16070000
30.6477000	19.16080000
30.7523000	19.16090000
30.8568000	19.16100000
30.9613000	19.16110000
31.0659000	19.16120000
31.1703000	19.16130000
31.2749000	19.16140000
31.3795000	19.16150000
31.4840000	19.16160000
31.5885000	19.16170000
31.6932000	18.66820000
31.7976000	18.66830000
31.9022000	18.66840000
32.0068000	18.66840000
32.1113000	18.66860000
32.2158000	18.66860000
32.3204000	18.66880000
32.4249000	18.66890000
32.5293000	18.66900000
32.6340000	18.66910000
32.7385000	18.66930000
32.8430000	18.66940000
32.9475000	18.66950000
33.0521000	18.66960000
33.1566000	18.66970000
33.2612000	18.17610000
33.3658000	18.17620000
33.4703000	18.17630000
33.5749000	18.17640000
33.6794000	18.17660000
33.7839000	18.17670000
33.8885000	18.17680000
33.9929000	18.17690000
34.0975000	18.17700000
34.2020000	18.17710000
34.3066000	18.17720000
34.4111000	18.17730000
34.5156000	18.17740000
34.6202000	18.17750000
34.7247000	18.17760000
34.8294000	17.68410000
34.9339000	17.68420000
35.0384000	17.68430000
35.1429000	17.68440000
35.2475000	17.68440000
35.3519000	17.68460000
35.4565000	17.68460000
35.5611000	17.68480000
35.6656000	17.68480000
35.7701000	17.68510000
35.8747000	17.68520000
35.9792000	17.68530000
36.0836000	17.68540000
36.1882000	17.68550000
36.2928000	17.68560000
36.3973000	17.68570000
36.5018000	17.68580000
36.6065000	17.19230000
36.7109000	17.19240000
36.8155000	17.19250000
36.9201000	17.19260000
37.0246000	17.19270000
37.1292000	17.19280000
37.2337000	17.19290000
37.3382000	17.19300000
37.4426000	17.19310000
37.5473000	17.19320000
37.6518000	17.19330000
37.7563000	17.19340000
37.8609000	17.19350000
37.9654000	17.19370000
38.0699000	17.19380000
38.1745000	17.19390000
38.2791000	16.70030000
38.3837000	16.70040000
38.4882000	16.70050000
38.5927000	16.70060000
38.6972000	16.70080000
38.8018000	16.70080000
38.9062000	16.70100000
39.0108000	16.70100000
39.1154000	16.70120000
39.2199000	16.70130000
39.3244000	16.70140000
39.4289000	16.70150000
39.5335000	16.70160000
39.6380000	16.70170000
39.7425000	16.70180000
39.8471000	16.70190000
39.9516000	16.70200000
40.0561000	16.70210000
40.1607000	16.70230000
40.2652000	16.20860000
40.3699000	16.20880000
40.4744000	16.20890000
40.5789000	16.20900000
40.6834000	16.20910000
40.7880000	16.20920000
40.8925000	16.20940000
40.9969000	16.20950000
41.1016000	16.20960000
41.2061000	16.20970000
41.3106000	16.20980000
41.4152000	16.20990000
41.5197000	16.21000000
41.6242000	16.21010000
41.7287000	16.21020000
41.8333000	16.21030000
41.9378000	16.21040000
42.0423000	16.21050000
42.1469000	16.21060000
42.2514000	16.21070000
42.3559000	16.21090000
42.4604000	16.21100000
42.5650000	16.21110000
42.6695000	16.21120000
42.7740000	16.21130000
42.8786000	16.21140000
42.9830000	16.21150000
43.0878000	15.71800000
43.1923000	15.71810000
43.2968000	15.71820000
43.4014000	15.71830000
43.5059000	15.71840000
43.6104000	15.71850000
43.7149000	15.71860000
43.8195000	15.71870000
43.9240000	15.71870000
44.0285000	15.71890000
44.1331000	15.71890000
44.2376000	15.71910000
44.3421000	15.71910000
44.4466000	15.71930000
44.5512000	15.71950000
44.6557000	15.71960000
44.7602000	15.71970000
44.8648000	15.71980000
44.9693000	15.71990000
45.0738000	15.72000000
45.1784000	15.72010000
45.2829000	15.72020000
45.3874000	15.72030000
45.4920000	15.72040000
45.5965000	15.72050000
45.7010000	15.72060000
45.8054000	15.72070000
45.9101000	15.72080000
46.0146000	15.72100000
46.1191000	15.72100000
46.2237000	15.72120000
46.3283000	15.22760000
46.4329000	15.22770000
46.5373000	15.22780000
46.6419000	15.22790000
46.7464000	15.22810000
46.8510000	15.22820000
46.9555000	15.22830000
47.0600000	15.22840000
47.1646000	15.22850000
47.2691000	15.22860000
47.3736000	15.22870000
47.4782000	15.22880000
47.5827000	15.22880000
47.6872000	15.22900000
47.7917000	15.22910000
47.8963000	15.22920000
48.0008000	15.22930000
48.1053000	15.22950000
48.2099000	15.22960000
48.3144000	15.22970000
48.4189000	15.22980000
48.5234000	15.22990000
48.6280000	15.23000000
48.7325000	15.23010000
48.8370000	15.23020000
48.9416000	15.23030000
49.0461000	15.23040000
49.1506000	15.23050000
49.2551000	15.23060000
49.3597000	15.23070000
49.4642000	15.23090000
49.5687000	15.23100000
49.6733000	15.23110000
49.7778000	15.23120000
49.8822000	15.23130000
49.9868000	15.23140000
50.0915000	14.73780000
50.1961000	14.73790000
50.3006000	14.73810000
50.4051000	14.73820000
50.5097000	14.73830000
50.6141000	14.73840000
50.7187000	14.73850000
50.8232000	14.73860000
50.9278000	14.73870000
51.0323000	14.73880000
51.1368000	14.73890000
51.2414000	14.73890000
51.3458000	14.73910000
51.4504000	14.73910000
51.5550000	14.73930000
51.6595000	14.73950000
51.7640000	14.73960000
51.8685000	14.73970000
51.9731000	14.73980000
52.0776000	14.73990000
52.1821000	14.74000000
52.2867000	14.74010000
52.3912000	14.74020000
52.4957000	14.74030000
52.6002000	14.74040000
52.7048000	14.74050000
52.8093000	14.74060000
52.9138000	14.74070000
53.0184000	14.74080000
53.1229000	14.74100000
53.2274000	14.74100000
53.3320000	14.74120000
53.4365000	14.74120000
53.5410000	14.74140000
53.6455000	14.74150000
53.7501000	14.74160000
53.8546000	14.74170000
53.9590000	14.74180000
54.0637000	14.74190000
54.1682000	14.74200000
54.2727000	14.74210000
54.3773000	14.74220000
54.4818000	14.74240000
54.5863000	14.74250000
54.6907000	14.74260000
54.7953000	14.74270000
54.8999000	14.74280000
55.0046000	14.24920000
55.1091000	14.24930000
55.2136000	14.24940000
55.3182000	14.24960000
55.4227000	14.24970000
55.5272000	14.24980000
55.6318000	14.24990000
55.7363000	14.25000000
55.8408000	14.25010000
55.9453000	14.25020000
56.0499000	14.25030000
56.1544000	14.25040000
56.2589000	14.25050000
56.3635000	14.25060000
56.4680000	14.25070000
56.5725000	14.25080000
56.6770000	14.25100000
56.7816000	14.25110000
56.8860000	14.25110000
56.9906000	14.25130000
57.0952000	14.25140000
57.1997000	14.25150000
57.3042000	14.25160000
57.4088000	14.25170000
57.5133000	14.25180000
57.6178000	14.25190000
57.7223000	14.25200000
57.8269000	14.25210000
57.9314000	14.25220000
58.0359000	14.25240000
58.1405000	14.25250000
58.2450000	14.25260000
58.3495000	14.25270000
58.4540000	14.25280000
58.5587000	13.75910000
58.6633000	13.75930000
58.7678000	13.75930000
58.8723000	13.75960000
58.9768000	13.75970000
59.0814000	13.75980000
59.1859000	13.75990000
59.2904000	13.76000000
59.3950000	13.76010000
59.4995000	13.76020000
59.6040000	13.76030000
59.7085000	13.76040000
59.8131000	13.76050000
59.9176000	13.76060000
60.0221000	13.76070000
60.1267000	13.76080000
60.2312000	13.76100000
60.3357000	13.76100000
60.4403000	13.76120000
60.5448000	13.76120000
60.6493000	13.7614
60.7538000	13.7614
60.8584000	13.7616
60.9628000	13.7617
61.0674000	13.7618
61.1720000	13.7619
61.2765000	13.762
61.3810000	13.7621
61.4856000	13.7622
61.5901000	13.7623
61.6945000	13.7625
61.7991000	13.7626
61.9037000	13.7627
62.0082000	13.7628
62.1127000	13.7629
62.2174000	13.2692
62.3219000	13.2694
62.4264000	13.2696
62.5310000	13.2697
62.6355000	13.2698
62.7400000	13.2699
62.8446000	13.27
62.9491000	13.2701
63.0536000	13.2702
63.1582000	13.2703
63.2627000	13.2704
63.3672000	13.2705
63.4718000	13.2706
63.5763000	13.2707
63.6808000	13.2708
63.7852000	13.2709
63.8899000	13.2711
63.9944000	13.2711
64.0989000	13.2713
64.2035000	13.2713
64.3080000	13.2715
64.4125000	13.2716
64.5171000	13.2717
64.6216000	13.2718
64.7261000	13.2719
64.8306000	13.272
64.9352000	13.2721
65.0397000	13.2722
65.1442000	13.2723
65.2488000	13.2725
65.3533000	13.2726
65.4578000	13.2727
65.5623000	13.2728
65.6669000	13.2729
65.7713000	13.273
65.8759000	13.2731
65.9805000	13.2732
66.0850000	13.2732
66.1895000	13.2734
66.2941000	13.2735
66.3986000	13.2736
66.5030000	13.2737
66.6076000	13.2739
66.7123000	12.7803
66.8168000	12.7804
66.9214000	12.7805
67.0259000	12.7806
67.1304000	12.7807
67.2349000	12.7808
67.3395000	12.7809
67.4440000	12.7811
67.5486000	12.7812
67.6531000	12.7812
67.7576000	12.7814
67.8620000	12.7814
67.9667000	12.7816
68.0712000	12.7816
68.1757000	12.7818
68.2803000	12.7819
68.3848000	12.782
68.4893000	12.7821
68.5937000	12.7822
68.6984000	12.7823
68.8029000	12.7825
68.9074000	12.7826
69.0120000	12.7827
69.1165000	12.7828
69.2210000	12.7829
69.3256000	12.783
69.4301000	12.7831
69.5346000	12.7832
69.6391000	12.7833
69.7437000	12.7833
69.8481000	12.7835
69.9527000	12.7835
70.0573000	12.7837
70.1618000	12.7838
70.2663000	12.784
70.3709000	12.7841
70.4754000	12.7842
70.5798000	12.7843
70.6844000	12.7844
70.7890000	12.7845
70.8935000	12.7846
70.9980000	12.7847
71.1026000	12.7848
71.2071000	12.7849
71.3115000	12.785
71.4161000	12.7851
71.5207000	12.7852
71.6252000	12.7854
71.7297000	12.7854
71.8343000	12.7856
71.9388000	12.7856
72.0433000	12.7858
72.1479000	12.7859
72.2525000	12.2923
72.3571000	12.2924
72.4616000	12.2926
72.5661000	12.2927
72.6705000	12.2928
72.7752000	12.2929
72.8797000	12.293
72.9842000	12.2931
73.0888000	12.2932
73.1933000	12.2933
73.2978000	12.2934
73.4024000	12.2934
73.5069000	12.2936
73.6114000	12.2937
73.7159000	12.2938
73.8205000	12.294
73.9250000	12.2941
74.0295000	12.2942
74.1341000	12.2943
74.2386000	12.2944
74.3431000	12.2945
74.4476000	12.2946
74.5522000	12.2947
74.6566000	12.2948
74.7612000	12.2949
74.8658000	12.295
74.9703000	12.2951
75.0748000	12.2952
75.1794000	12.2953
75.2839000	12.2955
75.3884000	12.2955
75.4929000	12.2957
75.5975000	12.2958
75.7020000	12.2959
75.8065000	12.296
75.9111000	12.2961
76.0156000	12.2962
76.1201000	12.2963
76.2247000	12.2964
76.3292000	12.2965
76.4337000	12.2966
76.5382000	12.2967
76.6428000	12.2969
76.7473000	12.297
76.8518000	12.2971
76.9564000	12.2972
77.0609000	12.2973
77.1654000	12.2974
77.2699000	12.2974
77.3745000	12.2976
77.4790000	12.2977
77.5835000	12.2978
77.6881000	12.2979
77.7926000	12.298
77.8971000	12.2981
78.0017000	12.2983
78.1062000	12.2984
78.2107000	12.2985
78.3152000	12.2986
78.4198000	12.2987
78.5243000	12.2988
78.6288000	12.2989
78.7334000	12.299
78.8378000	12.2991
78.9424000	12.2992
79.0471000	11.8056
79.1516000	11.8058
79.2562000	11.8058
79.3607000	11.806
79.4652000	11.8061
79.5697000	11.8062
79.6743000	11.8063
79.7788000	11.8064
79.8833000	11.8065
79.9879000	11.8066
80.0924000	11.8067
80.1969000	11.8069
80.3014000	11.807
80.4060000	11.8071
80.5105000	11.8072
80.6150000	11.8073
80.7196000	11.8074
80.8241000	11.8075
80.9285000	11.8075
81.0332000	11.8077
81.1377000	11.8077
81.2422000	11.8079
81.3467000	11.808
81.4513000	11.8081
81.5558000	11.8083
81.6602000	11.8084
81.7649000	11.8085
81.8694000	11.8086
81.9739000	11.8087
82.0785000	11.8088
82.1830000	11.8089
82.2875000	11.809
82.3920000	11.8091
82.4966000	11.8092
82.6011000	11.8093
82.7056000	11.8094
82.8102000	11.8094
82.9146000	11.8096
83.0192000	11.8098
83.1237000	11.8098
83.2283000	11.81
83.3328000	11.8101
83.4373000	11.8102
83.5419000	11.8103
83.6463000	11.8104
83.7509000	11.8105
83.8555000	11.8106
83.9600000	11.8107
84.0645000	11.8108
84.1690000	11.8109
84.2736000	11.811
84.3780000	11.8112
84.4826000	11.8113
84.5872000	11.8114
84.6917000	11.8115
84.7962000	11.8115
84.9008000	11.8117
85.0053000	11.8117
85.1098000	11.8119
85.2143000	11.812
85.3189000	11.8121
85.4234000	11.8122
85.5279000	11.8123
85.6324000	11.8124
85.7370000	11.8126
85.8415000	11.8127
85.9460000	11.8128
86.0506000	11.8129
86.1551000	11.813
86.2596000	11.8131
86.3642000	11.8132
86.4687000	11.8133
86.5732000	11.8134
86.6778000	11.8135
86.7823000	11.8136
86.8868000	11.8136
86.9912000	11.8138
87.0959000	11.8138
87.2004000	11.8141
87.3049000	11.8142
87.4095000	11.8143
87.5140000	11.8144
87.6185000	11.8145
87.7231000	11.8146
87.8276000	11.8147
87.9321000	11.8148
88.0366000	11.8149
88.1412000	11.815
88.2457000	11.8151
88.3502000	11.8152
88.4548000	11.8153
88.5593000	11.8155
88.6638000	11.8155
88.7683000	11.8157
88.8729000	11.8157
88.9774000	11.8159
89.0819000	11.8159
89.1865000	11.8161
89.2910000	11.8162
89.3955000	11.8163
89.5001000	11.8164
89.6046000	11.8165
89.7090000	11.8166
89.8136000	11.8167
89.9182000	11.8169
90.0228000	11.3233
90.1274000	11.3234
90.2319000	11.3235
90.3364000	11.3235
90.4410000	11.3237
90.5455000	11.3237
90.6500000	11.3239
90.7546000	11.3241
90.8591000	11.3242
90.9636000	11.3243
91.0681000	11.3244
91.1727000	11.3245
91.2772000	11.3246
91.3817000	11.3247
91.4863000	11.3248
91.5908000	11.3249
91.6953000	11.325
91.7997000	11.3251
91.9043000	11.3252
92.0089000	11.3253
92.1134000	11.3255
92.2180000	11.3256
92.3225000	11.3256
92.4270000	11.3258
92.5316000	11.3259
92.6360000	11.326
92.7406000	11.3261
92.8451000	11.3262
92.9497000	11.3263
93.0542000	11.3264
93.1587000	11.3265
93.2633000	11.3266
93.3678000	11.3267
93.4723000	11.3268
93.5769000	11.327
93.6814000	11.3271
93.7859000	11.3272
93.8904000	11.3273
93.9950000	11.3274
94.0995000	11.3275
94.2040000	11.3276
94.3086000	11.3277
94.4131000	11.3277
94.5175000	11.3279
94.6221000	11.328
94.7267000	11.3281
94.8312000	11.3282
94.9357000	11.3284
95.0403000	11.3285
95.1448000	11.3286
95.2493000	11.3287
95.3538000	11.3288
95.4584000	11.3289
95.5629000	11.329
95.6674000	11.3291
95.7720000	11.3292
95.8765000	11.3293
95.9809000	11.3294
96.0856000	11.3295
96.1901000	11.3296
96.2946000	11.3298
96.3991000	11.3299
96.5037000	11.33
96.6082000	11.3301
96.7127000	11.3302
96.8173000	11.3303
96.9218000	11.3304
97.0263000	11.3305
97.1309000	11.3306
97.2355000	10.8371
97.3401000	10.8372
97.4445000	10.8373
97.5491000	10.8374
97.6536000	10.8375
97.7582000	10.8376
97.8627000	10.8377
97.9672000	10.8378
98.0718000	10.8378
98.1763000	10.838
98.2808000	10.838
98.3854000	10.8382
98.4899000	10.8384
98.5944000	10.8385
98.6989000	10.8386
98.8035000	10.8387
98.9080000	10.8388
99.0125000	10.8389
99.1171000	10.839
99.2216000	10.8391
99.3261000	10.8392
99.4307000	10.8393
99.5352000	10.8394
99.6397000	10.8395
99.7442000	10.8396
99.8488000	10.8397
99.9533000	10.8399
100.0578000	10.8399
100.1623000	10.8401
100.2669000	10.8401
100.3714000	10.8403
100.4759000	10.8404
100.5805000	10.8405
100.6850000	10.8406
100.7894000	10.8407
100.8941000	10.8408
100.9986000	10.8409
101.1031000	10.841
101.2077000	10.8411
101.3122000	10.8413
101.4167000	10.8414
101.5211000	10.8415
101.6258000	10.8416
101.7303000	10.8417
101.8348000	10.8418
101.9394000	10.8418
102.0439000	10.842
102.1484000	10.842
102.2529000	10.8422
102.3575000	10.8423
102.4620000	10.8424
102.5665000	10.8425
102.6711000	10.8427
102.7755000	10.8428
102.8801000	10.8429
102.9847000	10.843
103.0892000	10.8431
103.1937000	10.8432
103.2982000	10.8433
103.4028000	10.8434
103.5072000	10.8435
103.6118000	10.8436
103.7164000	10.8437
103.8210000	10.3502
103.9256000	10.3503
104.0301000	10.3504
104.1346000	10.3505
104.2392000	10.3506
104.3437000	10.3507
104.4482000	10.3508
104.5527000	10.3509
104.6573000	10.351
104.7618000	10.3511
104.8662000	10.3513
104.9708000	10.3514
105.0754000	10.3515
105.1799000	10.3516
105.2845000	10.3517
105.3890000	10.3518
105.4935000	10.3519
105.5979000	10.3519
105.7026000	10.3521
105.8071000	10.3522
105.9116000	10.3523
106.0162000	10.3524
106.1207000	10.3525
106.2252000	10.3526
106.3296000	10.3528
106.4343000	10.3529
106.5388000	10.353
106.6433000	10.3531
106.7479000	10.3532
106.8524000	10.3533
106.9569000	10.3534
107.0615000	10.3535
107.1660000	10.3536
107.2705000	10.3537
107.3750000	10.3538
107.4796000	10.3538
107.5840000	10.354
107.6886000	10.3542
107.7932000	10.3543
107.8977000	10.3544
108.0022000	10.3545
108.1067000	10.3546
108.2113000	10.3547
108.3158000	10.3548
108.4203000	10.3549
108.5249000	10.355
108.6294000	10.3551
108.7339000	10.3552
108.8385000	10.3553
108.9430000	10.3554
109.0475000	10.3556
109.1520000	10.3557
109.2566000	10.3558
109.3611000	10.3559
109.4656000	10.3559
109.5702000	10.3561
109.6747000	10.3562
109.7792000	10.3563
109.8838000	10.3564
109.9883000	10.3565
110.0928000	10.3566
110.1973000	10.3567
110.3019000	10.3568
110.4064000	10.3569
110.5109000	10.3571
110.6155000	10.3572
110.7200000	10.3573
110.8245000	10.3574
110.9290000	10.3575
111.0336000	10.3576
111.1381000	10.3577
111.2428000	9.8641
111.3473000	9.8643
111.4518000	9.8643
111.5564000	9.8645
111.6609000	9.8646
111.7654000	9.8647
111.8700000	9.8648
111.9745000	9.8649
112.0790000	9.865
112.1835000	9.8651
112.2881000	9.8652
112.3926000	9.8653
112.4971000	9.8654
112.6017000	9.8655
112.7062000	9.8657
112.8107000	9.8658
112.9153000	9.8659
113.0198000	9.866
113.1243000	9.866
113.2288000	9.8662
113.3334000	9.8662
113.4379000	9.8664
113.5424000	9.8665
113.6470000	9.8666
113.7515000	9.8667
113.8559000	9.8668
113.9605000	9.8669
114.0651000	9.8671
114.1696000	9.8672
114.2741000	9.8673
114.3787000	9.8674
114.4832000	9.8675
114.5877000	9.8676
114.6923000	9.8677
114.7968000	9.8678
114.9013000	9.8679
115.0058000	9.8679
115.1104000	9.8681
115.2149000	9.8681
115.3194000	9.8683
115.4240000	9.8685
115.5285000	9.8686
115.6330000	9.8687
115.7376000	9.8688
115.8420000	9.8689
115.9466000	9.869
116.0511000	9.8691
116.1557000	9.8692
116.2602000	9.8693
116.3647000	9.8694
116.4693000	9.8695
116.5737000	9.8696
116.6783000	9.8697
116.7828000	9.8698
116.8874000	9.87
116.9919000	9.87
117.0964000	9.8702
117.2010000	9.8702
117.3054000	9.8704
117.4100000	9.8705
117.5146000	9.8706
117.6191000	9.8707
117.7236000	9.8708
117.8281000	9.8709
117.9327000	9.871
118.0372000	9.8711
118.1417000	9.8712
118.2463000	9.8714
118.3508000	9.8715
118.4553000	9.8716
118.5598000	9.8717
118.6644000	9.8718
118.7689000	9.8719
118.8734000	9.8719
118.9780000	9.8721
119.0825000	9.8721
119.1870000	9.8723
119.2916000	9.8723
119.3961000	9.8725
119.5006000	9.8726
119.6051000	9.8728
119.7097000	9.8729
119.8142000	9.873
119.9189000	9.3794
120.0234000	9.3795