#DataThief /Users/villaa/grav_project/NGC5533/NGC5533-dm.png Saturday 20-Apr-2019 4:48:21 PM	
0.133	 3.2274
0.1329	 3.913
0.1327	 4.5987
0.1562	 5.2893
0.1561	 5.975
0.1795	 6.6655
0.1794	 7.3512
0.2028	 8.0417
0.2027	 8.7274
0.2026	 9.4131
0.226	 10.1036
0.2259	 10.7893
0.2493	 11.4799
0.2492	 12.1655
0.249	 12.8512
0.2725	 13.5417
0.2724	 14.2275
0.2958	 14.918
0.2957	 15.6037
0.2955	 16.2894
0.319	 16.9799
0.3189	 17.6656
0.3187	 18.3513
0.3422	 19.0418
0.342	 19.7275
0.3655	 20.418
0.3653	 21.1037
0.3888	 21.7943
0.3887	 22.48
0.4121	 23.1705
0.412	 23.8561
0.4118	 24.5419
0.4353	 25.2324
0.4352	 25.9181
0.4586	 26.6086
0.4585	 27.2943
0.4583	 27.98
0.4582	 28.6657
0.4817	 29.3562
0.4815	 30.0419
0.505	 30.7325
0.5048	 31.4181
0.5283	 32.1087
0.5281	 32.7944
0.5516	 33.4849
0.5514	 34.1706
0.5513	 34.8563
0.5512	 35.542
0.5746	 36.2325
0.5745	 36.9182
0.5979	 37.6087
0.5977	 38.2944
0.6213	 38.9849
0.6211	 39.6705
0.621	 40.3563
0.6444	 41.0469
0.6442	 41.7325
0.6678	 42.4231
0.6912	 43.1136
0.6911	 43.7993
0.7145	 44.4898
0.738	 45.1804
0.7378	 45.866
0.7377	 46.5518
0.7612	 47.2423
0.761	 47.928
0.7845	 48.6185
0.7843	 49.3042
0.8077	 49.9947
0.8312	 50.6853
0.8311	 51.371
0.8545	 52.0615
0.8544	 52.7471
0.8779	 53.4377
0.8777	 54.1234
0.8776	 54.8091
0.901	 55.4996
0.9009	 56.1853
0.9243	 56.8759
0.9242	 57.5615
0.9477	 58.2521
0.9475	 58.9378
0.9474	 59.6235
0.9708	 60.314
0.9707	 60.9997
0.9942	 61.6902
0.994	 62.3759
1.0175	 63.0665
1.0409	 63.757
1.0408	 64.4426
1.0642	 65.1332
1.0641	 65.8189
1.0876	 66.5093
1.111	 67.2
1.1109	 67.8857
1.1343	 68.5762
1.1342	 69.2619
1.1576	 69.9524
1.1575	 70.6381
1.1809	 71.3287
1.1808	 72.0143
1.2043	 72.7048
1.2278	 72.7097
1.2277	 73.3954
1.2511	 74.086
1.251	 74.7715
1.2746	 74.7765
1.2981	 75.467
1.2979	 76.1527
1.3214	 76.8433
1.3212	 77.5289
1.3447	 78.2195
1.3681	 78.91
1.3679	 79.5957
1.3915	 80.2862
1.4149	 80.9768
1.4148	 81.6625
1.4382	 82.353
1.4617	 83.0435
1.4851	 83.7341
1.5086	 84.4245
1.5084	 85.1103
1.532	 85.1152
1.5319	 85.8008
1.5553	 86.4914
1.5552	 87.1771
1.5786	 87.8676
1.6021	 88.5581
1.6255	 89.2487
1.649	 89.9392
1.6489	 90.6249
1.6723	 91.3154
1.6722	 92.0011
1.6956	 92.6917
1.7191	 93.3822
1.7425	 94.0727
1.7424	 94.7584
1.7658	 95.449
1.7893	 96.1395
1.8127	 96.83
1.8363	 96.8349
1.8598	 97.5253
1.8832	 98.216
1.9066	 98.9064
1.9301	 99.5971
1.9536	 100.2876
1.9769	 100.9781
2.0005	 101.6686
2.024	 101.6735
2.0239	 102.3592
2.0475	 102.3641
2.0474	 103.0497
2.0709	 103.0546
2.0708	 103.7403
2.0944	 103.745
2.1178	 104.4357
2.1413	 105.1262
2.1647	 105.8167
2.1882	 106.5072
2.2116	 107.1978
2.2352	 107.2027
2.2587	 107.8932
2.2821	 108.5836
2.3056	 109.2743
2.329	 109.9647
2.3526	 109.9697
2.376	 110.6602
2.3995	 111.3508
2.4231	 111.3556
2.4465	 112.0461
2.47	 112.7367
2.4934	 113.4272
2.5169	 114.1178
2.5405	 114.1226
2.5638	 114.8131
2.5874	 115.5037
2.6108	 116.1942
2.6343	 116.1991
2.6578	 116.8896
2.6813	 117.5802
2.7048	 117.585
2.7283	 118.2755
2.7519	 118.2804
2.7753	 118.9708
2.7988	 119.6615
2.8224	 119.6663
2.8458	 120.3569
2.8693	 121.0474
2.8929	 121.0522
2.9163	 121.7428
2.9398	 122.4333
2.9634	 122.4382
2.9868	 123.1287
3.0104	 123.1336
3.034	 123.1384
3.0574	 123.829
3.081	 123.8338
3.1045	 124.5243
3.128	 124.5292
3.1516	 124.534
3.1751	 125.2246
3.1985	 125.9151
3.222	 126.6057
3.2456	 126.6105
3.269	 127.3011
3.2926	 127.3059
3.316	 127.9964
3.3396	 128.0013
3.3631	 128.6918
3.3867	 128.6966
3.4102	 128.7015
3.4337	 129.3921
3.4573	 129.3969
3.4807	 130.0875
3.5043	 130.0923
3.5278	 130.7829
3.5513	 130.7877
3.5749	 130.7926
3.5984	 131.483
3.6219	 131.4879
3.6454	 132.1785
3.669	 132.1833
3.6924	 132.8739
3.716	 132.8787
3.7396	 132.8836
3.7631	 133.5741
3.7866	 133.579
3.8102	 133.5838
3.8336	 134.2744
3.8573	 134.2792
3.8807	 134.9697
3.9043	 134.9746
3.9279	 134.9794
3.9513	 135.67
3.9748	 135.6747
3.9984	 136.3654
4.0219	 136.3702
4.0454	 137.0608
4.069	 137.0656
4.0926	 137.0705
4.116	 137.761
4.1396	 137.7659
4.1632	 137.7707
4.1865	 138.4612
4.2102	 138.4661
4.2338	 138.471
4.2574	 138.4758
4.281	 138.4807
4.3045	 138.4855
4.328	 139.176
4.3516	 139.1809
4.3752	 139.1857
4.3986	 139.8763
4.4222	 139.8811
4.4458	 139.886
4.4692	 140.5765
4.4928	 140.5814
4.5164	 140.5862
4.54	 140.5911
4.5634	 141.2816
4.587	 141.2865
4.6106	 141.2913
4.6341	 141.2962
4.6578	 141.301
4.6812	 141.9916
4.7048	 141.9964
4.7284	 142.0013
4.752	 142.0061
4.7753	 142.6966
4.799	 142.7015
4.8226	 142.7064
4.8462	 142.7112
4.8696	 143.4017
4.8932	 143.4066
4.9167	 143.4115
4.9404	 143.4163
4.964	 143.4212
4.9875	 143.426
5.011	 144.1165
5.0346	 144.1214
5.058	 144.8119
5.0816	 144.8168
5.1052	 144.8216
5.1288	 144.8265
5.1522	 145.517
5.1758	 145.5219
5.1994	 145.5267
5.223	 145.5316
5.2464	 146.2221
5.27	 146.227
5.2936	 146.2318
5.3172	 146.2367
5.3406	 146.9272
5.3642	 146.9321
5.3878	 146.9369
5.4114	 146.9418
5.4348	 147.6322
5.4584	 147.6372
5.482	 147.642
5.5056	 147.6469
5.529	 148.3374
5.5526	 148.3423
5.5762	 148.3471
5.5998	 148.3519
5.6234	 148.3568
5.6469	 148.3617
5.6703	 149.0522
5.694	 149.057
5.7176	 149.0619
5.741	 149.0667
5.7647	 149.0716
5.7883	 149.0765
5.8117	 149.767
5.8353	 149.7718
5.8589	 149.7767
5.8824	 149.7814
5.9061	 149.7864
5.9297	 149.7912
5.9533	 149.7961
5.9767	 150.4866
6.0003	 150.4915
6.0239	 150.4963
6.0475	 150.5011
6.071	 150.506
6.0946	 150.5109
6.1181	 151.2014
6.1417	 151.2063
6.1652	 151.2111
6.1888	 151.216
6.2124	 151.2208
6.2359	 151.9114
6.2595	 151.9162
6.283	 151.9211
6.3066	 151.9259
6.3302	 151.9308
6.3538	 151.9356
6.3774	 151.9405
6.401	 151.9453
6.4245	 151.9502
6.448	 152.6407
6.4716	 152.6456
6.4952	 152.6503
6.5187	 152.6553
6.5423	 152.6601
6.5657	 153.3507
6.5894	 153.3555
6.6129	 153.3604
6.6364	 153.3652
6.6601	 153.37
6.6837	 153.3749
6.7073	 153.3798
6.7309	 153.3846
6.7544	 153.3895
6.778	 153.3942
6.8014	 154.0849
6.8251	 154.0897
6.8486	 154.0946
6.8721	 154.0994
6.8958	 154.1043
6.9194	 154.1091
6.943	 154.114
6.9664	 154.8045
6.99	 154.8094
7.0136	 154.8142
7.0372	 154.8191
7.0608	 154.8239
7.0843	 154.8288
7.1078	 154.8336
7.1315	 154.8385
7.1551	 154.8433
7.1787	 154.8481
7.2021	 155.5387
7.2257	 155.5436
7.2493	 155.5484
7.2729	 155.5533
7.2965	 155.5581
7.3201	 155.563
7.3436	 155.5678
7.3672	 155.5727
7.3908	 155.5775
7.4143	 156.2681
7.4378	 156.2729
7.4614	 156.2778
7.4849	 156.2826
7.5086	 156.2875
7.5322	 156.2923
7.5558	 156.2972
7.5793	 156.302
7.6029	 156.3069
7.6265	 156.3117
7.6501	 156.3166
7.6737	 156.3214
7.6973	 156.3263
7.7207	 157.0168
7.7443	 157.0217
7.7679	 157.0265
7.7915	 157.0314
7.815	 157.0362
7.8386	 157.0411
7.8622	 157.0459
7.8858	 157.0508
7.9092	 157.7412
7.9327	 157.7462
7.9564	 157.751
7.98	 157.7559
8.0036	 157.7607
8.0272	 157.7656
8.0506	 158.4561
8.0742	 158.461
8.0977	 158.4658
8.1214	 158.4707
8.145	 158.4755
8.1685	 158.4804
8.1921	 158.4852
8.2156	 159.1758
8.2392	 159.1806
8.2627	 159.1855
8.2863	 159.1903
8.3099	 159.1952
8.3335	 159.2
8.3571	 159.2049
8.3807	 159.2097
8.4041	 159.9003
8.4277	 159.9051
8.4513	 159.91
8.4748	 159.9148
8.4984	 159.9197
8.522	 159.9245
8.5455	 159.9294
8.5692	 159.9342
8.5928	 159.9391
8.6164	 159.9439
8.6399	 159.9487
8.6635	 159.9536
8.6871	 159.9585
8.7107	 159.9633
8.7343	 159.9682
8.7577	 160.6587
8.7812	 160.6636
8.8049	 160.6684
8.8285	 160.6733
8.8521	 160.6781
8.8757	 160.683
8.8992	 160.6878
8.9228	 160.6926
8.9464	 160.6975
8.97	 160.7024
8.9936	 160.7072
9.0172	 160.7121
9.0407	 160.717
9.0643	 160.7218
9.0879	 160.7267
9.1115	 160.7315
9.1351	 160.7364
9.1587	 160.7412
9.1822	 160.7461
9.2057	 161.4365
9.2293	 161.4415
9.2529	 161.4463
9.2764	 161.4512
9.3	 161.456
9.3235	 161.4609
9.3472	 161.4657
9.3708	 161.4706
9.3944	 161.4754
9.4179	 161.4803
9.4415	 161.4851
9.4651	 161.49
9.4887	 161.4948
9.5123	 161.4997
9.5359	 161.5045
9.5594	 161.5093
9.583	 161.5142
9.6066	 161.5191
9.6301	 162.2096
9.6537	 162.2145
9.6772	 162.2193
9.7008	 162.2242
9.7244	 162.229
9.748	 162.2339
9.7715	 162.2387
9.7952	 162.2436
9.8187	 162.2484
9.8422	 162.939
9.8658	 162.9438
9.8894	 162.9487
9.9129	 162.9535
9.9365	 162.9584
9.9601	 162.9632
9.9837	 162.9681
10.0073	 162.9729
10.0309	 162.9778
10.0544	 162.9826
10.078	 162.9875
10.1016	 162.9923
10.1252	 162.9971
10.1488	 163.002
10.1724	 163.0069
10.1959	 163.0117
10.2195	 163.0166
10.2431	 163.0214
10.2667	 163.0263
10.2903	 163.0311
10.3139	 163.036
10.3375	 163.0408
10.3609	 163.7314
10.3845	 163.7362
10.4081	 163.741
10.4317	 163.7459
10.4552	 163.7508
10.4788	 163.7556
10.5024	 163.7605
10.526	 163.7652
10.5495	 163.7702
10.5732	 163.775
10.5967	 163.7799
10.6202	 163.7848
10.6438	 164.4753
10.6674	 164.4801
10.6909	 164.4849
10.7145	 164.4898
10.7381	 164.4947
10.7617	 164.4995
10.7852	 164.5044
10.8089	 164.5093
10.8324	 164.5141
10.8559	 164.519
10.8796	 164.5238
10.9032	 164.5287
10.9268	 164.5335
10.9504	 164.5384
10.9739	 164.5432
10.9975	 164.5481
11.0211	 164.5529
11.0447	 164.5577
11.0683	 164.5626
11.0917	 165.2532
11.1153	 165.258
11.1389	 165.2629
11.1625	 165.2677
11.1861	 165.2726
11.2097	 165.2774
11.2332	 165.2823
11.2568	 165.2871
11.2804	 165.292
11.304	 165.2968
11.3276	 165.3017
11.3512	 165.3065
11.3747	 165.3114
11.3982	 165.3162
11.4219	 165.3211
11.4455	 165.3259
11.4691	 165.3308
11.4927	 165.3356
11.5162	 165.3405
11.5398	 165.3453
11.5634	 165.3502
11.587	 165.355
11.6106	 165.3599
11.6341	 165.3647
11.6577	 165.3696
11.6813	 165.3744
11.7048	 165.3793
11.7285	 165.3841
11.7521	 165.389
11.7757	 165.3939
11.7993	 165.3987
11.8228	 165.4036
11.8464	 165.4083
11.87	 165.4133
11.8936	 165.4181
11.9172	 165.423
11.9407	 165.4278
11.9643	 165.4327
11.9879	 165.4375
12.0115	 165.4424
12.0351	 165.4472
12.0587	 165.4521
12.0823	 165.4569
12.1058	 165.4618
12.1294	 165.4666
12.153	 165.4715
12.1766	 165.4763
12.2	 166.1669
12.2236	 166.1717
12.2472	 166.1766
12.2708	 166.1814
12.2944	 166.1863
12.318	 166.1911
12.3415	 166.196
12.3651	 166.2008
12.3887	 166.2057
12.4123	 166.2105
12.4359	 166.2154
12.4595	 166.2202
12.483	 166.2251
12.5066	 166.2299
12.5301	 166.9205
12.5537	 166.9253
12.5773	 166.9302
12.6008	 166.935
12.6244	 166.9399
12.648	 166.9447
12.6716	 166.9496
12.6952	 166.9544
12.7187	 166.9593
12.7423	 166.9641
12.7659	 166.9689
12.7894	 166.9738
12.8131	 166.9787
12.8367	 166.9835
12.8603	 166.9884
12.8838	 166.9931
12.9074	 166.9981
12.931	 167.003
12.9546	 167.0078
12.9782	 167.0127
13.0018	 167.0175
13.0253	 167.0224
13.0489	 167.0272
13.0724	 167.7177
13.096	 167.7226
13.1196	 167.7275
13.1431	 167.7323
13.1667	 167.7372
13.1903	 167.742
13.2139	 167.7469
13.2375	 167.7517
13.261	 167.7566
13.2846	 167.7614
13.3082	 167.7663
13.3317	 167.7711
13.3554	 167.776
13.379	 167.7808
13.4026	 167.7856
13.4261	 167.7905
13.4497	 167.7953
13.4733	 167.8002
13.4969	 167.8051
13.5205	 167.8098
13.5441	 167.8148
13.5675	 168.5053
13.5911	 168.5102
13.6147	 168.515
13.6383	 168.5199
13.6618	 168.5247
13.6854	 168.5295
13.709	 168.5344
13.7326	 168.5393
13.7562	 168.5441
13.7798	 168.549
13.8034	 168.5537
13.8269	 168.5587
13.8505	 168.5635
13.874	 168.5684
13.8977	 168.5732
13.9213	 168.5781
13.9449	 168.5829
13.9684	 168.5878
13.992	 168.5926
14.0156	 168.5975
14.0392	 168.6023
14.0628	 168.6072
14.0864	 168.612
14.1099	 168.6169
14.1335	 168.6218
14.1571	 168.6266
14.1807	 168.6315
14.2043	 168.6362
14.2279	 168.6412
14.2514	 168.646
14.275	 168.6509
14.2986	 168.6557
14.3222	 168.6606
14.3458	 168.6654
14.3694	 168.6703
14.3929	 168.6751
14.4165	 168.68
14.4401	 168.6848
14.4637	 168.6897
14.4873	 168.6945
14.5109	 168.6994
14.5343	 169.3899
14.5579	 169.3948
14.5815	 169.3996
14.6051	 169.4045
14.6287	 169.4093
14.6522	 169.4142
14.6758	 169.419
14.6994	 169.4239
14.7229	 169.4287
14.7466	 169.4336
14.77	 170.1241
14.7936	 170.129
14.8172	 170.1338
14.8408	 170.1387
14.8643	 170.1435
14.8881	 169.4627
14.9117	 169.4675
14.9352	 169.4724
14.9588	 169.4772
14.9824	 169.4821
15.006	 169.4868
15.0296	 169.4918
15.0532	 169.4967
15.0767	 169.5015
15.1003	 169.5064
15.1239	 169.5112
15.1475	 169.5161
15.1711	 169.5209
15.1947	 169.5258
15.2183	 169.5306
15.2418	 169.5354
15.2654	 169.5403
15.289	 169.5452
15.3126	 169.55
15.3362	 169.5549
15.3598	 169.5596
15.3833	 169.5646
15.4069	 169.5694
15.4304	 169.5743
15.4541	 169.5791
15.4777	 169.584
15.5013	 169.5888
15.5248	 169.5937
15.5484	 169.5985
15.572	 169.6034
15.5956	 169.6082
15.6192	 169.6131
15.6428	 169.6179
15.6662	 170.3085
15.6898	 170.3133
15.7134	 170.3182
15.737	 170.323
15.7605	 170.3279
15.7841	 170.3327
15.8077	 170.3376
15.8313	 170.3424
15.8549	 170.3473
15.8784	 170.3521
15.9021	 170.357
15.9256	 170.3618
15.9492	 170.3667
15.9727	 170.3715
15.9964	 170.3764
16.02	 170.3813
16.0436	 170.386
16.0671	 170.391
16.0907	 170.3958
16.1143	 170.4007
16.1379	 170.4055
16.1615	 170.4104
16.1851	 170.4152
16.2086	 170.4201
16.2322	 170.4249
16.2558	 170.4298
16.2793	 170.4346
16.303	 170.4395
16.3266	 170.4443
16.3501	 170.4492
16.3737	 170.454
16.3973	 170.4588
16.4209	 170.4637
16.4445	 170.4686
16.4681	 170.4734
16.4917	 170.4783
16.5152	 170.483
16.5388	 170.488
16.5624	 170.4928
16.5859	 170.4977
16.6096	 170.5025
16.6332	 170.5074
16.6566	 170.5122
16.6803	 170.5171
16.7039	 170.5219
16.7275	 170.5268
16.7511	 170.5316
16.7747	 170.5365
16.7982	 170.5413
16.8218	 170.5462
16.8454	 170.5511
16.869	 170.5558
16.8925	 170.5608
16.9162	 170.5655
16.9397	 170.5705
16.9633	 170.5753
16.9868	 170.5802
17.0105	 170.585
17.0341	 170.5899
17.0577	 170.5947
17.0813	 170.5996
17.1048	 170.6044
17.1284	 170.6093
17.152	 170.6141
17.1756	 170.619
17.1992	 170.6238
17.2227	 170.6287
17.2463	 170.6335
17.2698	 171.3241
17.2934	 171.3289
17.317	 171.3338
17.3405	 171.3386
17.3641	 171.3435
17.3877	 171.3483
17.4113	 171.3532
17.4349	 171.358
17.4585	 171.3629
17.482	 171.3677
17.5056	 171.3726
17.5292	 171.3774
17.5528	 171.3822
17.5764	 171.3871
17.6	 171.392
17.6235	 171.3968
17.6471	 171.4017
17.6707	 171.4064
17.6943	 171.4114
17.7179	 171.4163
17.7415	 171.4211
17.765	 171.426
17.7886	 171.4308
17.8122	 171.4357
17.8357	 171.4405
17.8594	 171.4454
17.883	 171.4502
17.9066	 171.4551
17.9301	 171.4599
17.9537	 171.4647
17.9773	 171.4696
18.0009	 171.4745
18.0245	 171.4793
18.0481	 171.4842
18.0716	 171.4889
18.0952	 171.4939
18.1188	 171.4987
18.1424	 171.5036
18.166	 171.5084
18.1896	 171.5133
18.2131	 171.5181
18.2367	 171.523
18.2603	 171.5278
18.2839	 171.5327
18.3075	 171.5375
18.3311	 171.5424
18.3546	 171.5472
18.3782	 171.5521
18.4018	 171.5569
18.4254	 171.5617
18.449	 171.5666
18.4726	 171.5715
18.4962	 171.5764
18.5197	 171.5812
18.5433	 171.5861
18.5669	 171.5909
18.5905	 171.5958
18.6141	 171.6006
18.6377	 171.6055
18.6612	 171.6103
18.6848	 171.6152
18.7084	 171.62
18.732	 171.6249
18.7553	 172.3154
18.779	 172.3203
18.8026	 172.3251
18.8262	 172.33
18.8498	 172.3348
18.8734	 172.3397
18.8969	 172.3445
18.9205	 172.3494
18.9441	 172.3542
18.9677	 172.3591
18.9912	 172.3639
19.0149	 172.3688
19.0384	 172.3736
19.062	 172.3785
19.0856	 172.3833
19.1092	 172.3881
19.1328	 172.393
19.1564	 172.3979
19.18	 172.4027
19.2035	 172.4076
19.2271	 172.4123
19.2507	 172.4173
19.2743	 172.4221
19.2979	 172.427
19.3215	 172.4318
19.345	 172.4367
19.3686	 172.4415
19.3921	 172.4464
19.4158	 172.4512
19.4394	 172.4561
19.463	 172.461
19.4865	 172.4658
19.5101	 172.4707
19.5337	 172.4755
19.5573	 172.4804
19.5809	 172.4852
19.6045	 172.4901
19.628	 172.4949
19.6516	 172.4998
19.6752	 172.5046
19.6987	 172.5095
19.7224	 172.5143
19.746	 172.5192
19.7696	 172.524
19.7931	 172.5289
19.8167	 172.5337
19.8403	 172.5386
19.8639	 172.5434
19.8873	 173.234
19.9109	 173.2388
