#DataThief C:\Stuff\Judit\Dark Matter Research\Datathief\nord-120kpc-topband.png Thursday 26-Dec-2019 5:05:31 PM
0.0602000	295.1070
0.0776000	294.6137
0.0950000	294.6139
0.1124000	294.6141
0.1299000	294.6143
0.1473000	294.6146
0.1647000	294.6148
0.1821000	294.6150
0.1996000	294.6152
0.2170000	294.1219
0.2344000	294.1222
0.2518000	294.1224
0.2692000	294.1226
0.2867000	294.1228
0.3041000	294.1230
0.3215000	293.6297
0.3389000	293.6300
0.3563000	293.6301
0.3738000	293.6303
0.3912000	293.6306
0.4086000	293.1373
0.4260000	293.1375
0.4434000	293.1378
0.4609000	293.1380
0.4783000	293.1381
0.4957000	293.1384
0.5131000	292.6451
0.5305000	292.6453
0.5480000	292.6456
0.5654000	292.6458
0.5828000	292.6460
0.6002000	292.6461
0.6177000	292.6463
0.6351000	292.6465
0.6524000	292.1534
0.6699000	292.1536
0.6873000	292.1538
0.7048000	292.1540
0.7222000	292.1542
0.7396000	291.6609
0.7570000	291.6612
0.7744000	291.6614
0.7919000	291.6616
0.8093000	291.6618
0.8267000	291.6620
0.8441000	291.1687
0.8615000	291.1690
0.8790000	291.1692
0.8963000	291.1694
0.9138000	291.1696
0.9312000	291.1698
0.9485000	291.1700
0.9661000	290.6768
0.9835000	290.6770
1.0009000	290.6772
1.0183000	290.6774
1.0357000	290.6776
1.0532000	290.6778
1.0706000	290.6780
1.0880000	290.6783
1.1054000	290.1850
1.1228000	290.1852
1.1403000	290.1854
1.1577000	290.1856
1.1751000	290.1858
1.1925000	290.1861
1.2100000	290.1863
1.2274000	290.1865
1.2448000	289.6932
1.2622000	289.6934
1.2796000	289.6936
1.2971000	289.6939
1.3145000	289.6941
1.3319000	289.6943
1.3493000	289.6945
1.3667000	289.6947
1.3841000	289.6949
1.4016000	289.6952
1.4190000	289.2019
1.4364000	289.2021
1.4538000	289.2023
1.4713000	289.2025
1.4887000	289.2027
1.5061000	289.2030
1.5234000	289.2032
1.5410000	289.2034
1.5584000	289.2036
1.5758000	289.2038
1.5932000	289.2040
1.6106000	289.2042
1.6280000	289.2045
1.6455000	288.7112
1.6629000	288.7114
1.6803000	288.7116
1.6977000	288.7118
1.7151000	288.7120
1.7326000	288.7123
1.7500000	288.7125
1.7673000	288.7127
1.7849000	288.7128
1.8023000	288.7130
1.8197000	288.7133
1.8371000	288.7135
1.8545000	288.7138
1.8719000	288.7140
1.8894000	288.7142
1.9068000	288.7144
1.9242000	288.7146
1.9416000	288.7147
1.9590000	288.7151
1.9765000	288.7153
1.9939000	288.7155
2.0113000	288.7157
2.0288000	288.7159
2.0462000	288.7161
2.0636000	288.2229
2.0810000	288.2231
2.0984000	288.2233
2.1159000	288.2235
2.1333000	288.2237
2.1507000	288.2239
2.1681000	288.2241
2.1855000	288.2244
2.2030000	288.2246
2.2204000	288.2248
2.2378000	288.2250
2.2551000	288.2252
2.2727000	288.2254
2.2901000	288.2256
2.3075000	288.2259
2.3249000	288.2261
2.3423000	288.2263
2.3598000	288.2265
2.3772000	288.2267
2.3946000	288.2269
2.4120000	288.2272
2.4294000	288.2274
2.4469000	288.2276
2.4643000	288.2278
2.4817000	288.2280
2.4990000	288.2282
2.5166000	288.2284
2.5340000	288.2287
2.5514000	288.2288
2.5688000	288.2291
2.5862000	288.2293
2.6037000	288.2295
2.6211000	288.2297
2.6385000	288.2299
2.6559000	288.2302
2.6733000	288.2304
2.6907000	288.2306
2.7082000	288.2308
2.7256000	288.2310
2.7429000	288.2312
2.7605000	288.2315
2.7779000	288.2317
2.7953000	288.2319
2.8127000	288.2321
2.8300000	288.2323
2.8476000	288.2325
2.8650000	288.2327
2.8824000	288.2330
2.8998000	288.2332
2.9173000	288.2334
2.9346000	288.2336
2.9521000	288.2338
2.9695000	288.2340
2.9868000	288.2342
3.0044000	288.2345
3.0218000	288.2347
3.0392000	288.2349
3.0566000	288.2351
3.0740000	288.2353
3.0915000	288.2355
3.1089000	288.2358
3.1263000	288.2360
3.1437000	288.2362
3.1612000	288.2364
3.1786000	288.2366
3.1960000	288.2368
3.2134000	288.2370
3.2308000	288.2373
3.2483000	288.7309
3.2657000	288.7311
3.2831000	288.7314
3.3005000	288.7316
3.3180000	288.7318
3.3354000	288.7320
3.3528000	288.7322
3.3702000	288.7325
3.3876000	288.7327
3.4051000	288.7328
3.4224000	288.7330
3.4399000	288.7332
3.4573000	288.7335
3.4747000	288.7338
3.4922000	288.7340
3.5096000	288.7342
3.5270000	288.7344
3.5444000	288.7346
3.5619000	288.7348
3.5793000	288.7349
3.5967000	288.7353
3.6141000	288.7355
3.6315000	288.7357
3.6490000	288.7359
3.6663000	288.7361
3.6838000	288.7363
3.7012000	288.7365
3.7187000	288.7368
3.7361000	288.7370
3.7534000	288.7372
3.7709000	288.7374
3.7883000	288.7376
3.8058000	288.7378
3.8232000	288.7381
3.8406000	288.7383
3.8580000	288.7385
3.8754000	288.7387
3.8929000	288.7389
3.9102000	288.7391
3.9277000	288.7393
3.9451000	288.7396
3.9626000	288.7398
3.9800000	289.2335
3.9973000	289.2337
4.0148000	289.2339
4.0322000	289.2341
4.0497000	289.2343
4.0671000	289.2345
4.0845000	289.2348
4.1019000	289.2349
4.1194000	289.2352
4.1368000	289.2354
4.1542000	289.2356
4.1716000	289.2358
4.1890000	289.2361
4.2065000	289.2363
4.2239000	289.2365
4.2413000	289.2367
4.2587000	289.2368
4.2761000	289.2371
4.2936000	289.2373
4.3110000	289.2376
4.3284000	289.7313
4.3458000	289.7315
4.3633000	289.7317
4.3807000	289.7319
4.3981000	289.7321
4.4155000	289.7323
4.4329000	289.7326
4.4504000	289.7328
4.4678000	289.7330
4.4852000	289.7332
4.5026000	289.7334
4.5201000	289.7336
4.5375000	289.7338
4.5549000	289.7341
4.5723000	289.7343
4.5897000	289.7345
4.6072000	289.7347
4.6246000	290.2284
4.6420000	290.2286
4.6594000	290.2288
4.6768000	290.2290
4.6943000	290.2293
4.7117000	290.2295
4.7290000	290.2297
4.7465000	290.2299
4.7640000	290.2301
4.7814000	290.2303
4.7988000	290.2306
4.8162000	290.2308
4.8336000	290.2310
4.8511000	290.2312
4.8685000	290.7248
4.8859000	290.7250
4.9033000	290.7252
4.9207000	290.7255
4.9382000	290.7258
4.9556000	290.7260
4.9729000	290.7262
4.9905000	290.7264
5.0079000	290.7266
5.0253000	290.7268
5.0427000	290.7271
5.0601000	290.7273
5.0776000	290.7275
5.0950000	290.7277
5.1124000	291.2214
5.1298000	291.2216
5.1473000	291.2218
5.1647000	291.2220
5.1821000	291.2223
5.1995000	291.2225
5.2169000	291.2227
5.2344000	291.2229
5.2518000	291.2231
5.2692000	291.2233
5.2866000	291.2235
5.3040000	291.2238
5.3215000	291.2240
5.3389000	291.2242
5.3563000	291.2244
5.3737000	291.2246
5.3912000	291.2248
5.4086000	291.2251
5.4260000	291.7187
5.4434000	291.7189
5.4607000	291.7191
5.4783000	291.7194
5.4957000	291.7196
5.5131000	291.7198
5.5305000	291.7200
5.5480000	291.7203
5.5654000	291.7205
5.5828000	291.7207
5.6002000	291.7208
5.6176000	291.7210
5.6351000	291.7213
5.6524000	292.2150
5.6699000	292.2153
5.6873000	292.2155
5.7048000	292.2157
5.7222000	292.2159
5.7396000	292.2161
5.7570000	292.2163
5.7744000	292.2165
5.7919000	292.2168
5.8093000	292.2170
5.8267000	292.2172
5.8441000	292.2174
5.8616000	292.7111
5.8790000	292.7113
5.8963000	292.7115
5.9138000	292.7118
5.9312000	292.7120
5.9487000	292.7122
5.9661000	292.7124
5.9835000	292.7126
6.0009000	292.7128
6.0183000	292.7130
6.0358000	292.7133
6.0532000	292.7135
6.0706000	292.7137
6.0880000	293.2074
6.1055000	293.2076
6.1229000	293.2078
6.1403000	293.2080
6.1577000	293.2083
6.1752000	293.2085
6.1926000	293.2086
6.2100000	293.2089
6.2274000	293.2091
6.2448000	293.2093
6.2623000	293.2095
6.2797000	293.2098
6.2971000	293.7035
6.3145000	293.7037
6.3320000	293.7039
6.3494000	293.7041
6.3668000	293.7043
6.3841000	293.7045
6.4016000	293.7046
6.4191000	293.7050
6.4365000	293.7052
6.4539000	293.7054
6.4713000	293.7056
6.4887000	293.7058
6.5062000	293.7060
6.5236000	294.1997
6.5410000	294.2000
6.5584000	294.2002
6.5758000	294.2004
6.5933000	294.2006
6.6107000	294.2008
6.6280000	294.2010
6.6455000	294.2012
6.6630000	294.2015
6.6804000	294.2017
6.6978000	294.2019
6.7151000	294.2021
6.7327000	294.6958
6.7501000	294.6960
6.7675000	294.6962
6.7849000	294.6965
6.8023000	294.6966
6.8197000	294.6968
6.8372000	294.6971
6.8546000	294.6973
6.8719000	294.6975
6.8895000	294.6977
6.9069000	294.6980
6.9243000	294.6982
6.9417000	295.1919
6.9590000	295.1921
6.9766000	295.1923
6.9940000	295.1925
7.0114000	295.1927
7.0288000	295.1930
7.0463000	295.1932
7.0637000	295.1934
7.0811000	295.1936
7.0985000	295.1938
7.1159000	295.1940
7.1334000	295.1942
7.1508000	295.6879
7.1682000	295.6882
7.1856000	295.6884
7.2031000	295.6886
7.2205000	295.6888
7.2379000	295.6890
7.2553000	295.6892
7.2727000	295.6895
7.2902000	295.6897
7.3075000	295.6899
7.3250000	295.6901
7.3424000	295.6903
7.3599000	296.1840
7.3773000	296.1842
7.3947000	296.1844
7.4121000	296.1847
7.4295000	296.1849
7.4470000	296.1851
7.4644000	296.1853
7.4818000	296.1855
7.4992000	296.1857
7.5166000	296.1859
7.5341000	296.1862
7.5514000	296.1864
7.5689000	296.6801
7.5863000	296.6803
7.6038000	296.6804
7.6212000	296.6806
7.6385000	296.6808
7.6560000	296.6812
7.6734000	296.6814
7.6909000	296.6816
7.7083000	296.6818
7.7257000	296.6820
7.7431000	296.6822
7.7606000	296.6824
7.7780000	297.1762
7.7953000	297.1764
7.8128000	297.1766
7.8303000	297.1768
7.8477000	297.1770
7.8651000	297.1772
7.8824000	297.1774
7.8999000	297.1777
7.9174000	297.1779
7.9348000	297.1781
7.9522000	297.1783
7.9696000	297.1785
7.9870000	297.1787
8.0045000	297.1789
8.0219000	297.1792
8.0393000	297.6729
8.0567000	297.6731
8.0742000	297.6733
8.0916000	297.6735
8.1090000	297.6737
8.1264000	297.6739
8.1438000	297.6742
8.1613000	297.6743
8.1787000	297.6745
8.1961000	297.6747
8.2135000	297.6750
8.2310000	297.6752
8.2484000	297.6754
8.2658000	297.6757
8.2832000	297.6759
8.3006000	298.1696
8.3181000	298.1698
8.3355000	298.1700
8.3529000	298.1702
8.3703000	298.1703
8.3878000	298.1707
8.4052000	298.1709
8.4226000	298.1711
8.4400000	298.1713
8.4574000	298.1715
8.4748000	298.1717
8.4923000	298.1719
8.5097000	298.1722
8.5271000	298.1724
8.5445000	298.1726
8.5620000	298.1728
8.5794000	298.1730
8.5968000	298.1732
8.6141000	298.6669
8.6317000	298.6671
8.6491000	298.6674
8.6665000	298.6676
8.6839000	298.6678
8.7013000	298.6680
8.7187000	298.6682
8.7362000	298.6684
8.7536000	298.6686
8.7710000	298.6689
8.7885000	298.6691
8.8058000	298.6693
8.8233000	298.6695
8.8407000	298.6697
8.8580000	298.6699
8.8756000	298.6702
8.8930000	298.6703
8.9104000	298.6705
8.9278000	298.6707
8.9453000	298.6710
8.9627000	298.6712
8.9801000	299.1649
8.9975000	299.1652
9.0149000	299.1654
9.0324000	299.1656
9.0498000	299.1658
9.0672000	299.1660
9.0846000	299.1662
9.1021000	299.1663
9.1195000	299.1667
9.1369000	299.1669
9.1543000	299.1671
9.1717000	299.1673
9.1892000	299.1675
9.2066000	299.1677
9.2240000	299.1679
9.2414000	299.1682
9.2588000	299.1684
9.2763000	299.1686
9.2937000	299.1688
9.3111000	299.1690
9.3285000	299.1692
9.3460000	299.1694
9.3634000	299.1697
9.3808000	299.1699
9.3982000	299.1701
9.4156000	299.1703
9.4331000	299.1705
9.4505000	299.1707
9.4679000	299.1710
9.4853000	299.1712
9.5027000	299.1714
9.5202000	299.1716
9.5375000	299.1718
9.5550000	299.1720
9.5724000	299.1722
9.5899000	299.1724
9.6073000	299.1727
9.6247000	299.1729
9.6421000	299.1731
9.6595000	299.1733
9.6770000	299.1735
9.6944000	299.1737
9.7118000	299.1740
9.7292000	299.1742
9.7467000	299.1743
9.7641000	299.1746
9.7814000	299.1748
9.7989000	299.1750
9.8163000	299.1753
9.8338000	299.1755
9.8512000	299.1757
9.8686000	299.1759
9.8860000	299.1761
9.9034000	299.1763
9.9209000	299.1764
9.9383000	299.1768
9.9557000	299.1770
9.9731000	299.1772
9.9906000	299.1774
10.0080000	299.1776
10.0254000	299.1778
10.0428000	298.6846
10.0602000	298.6848
10.0777000	298.6850
10.0951000	298.6852
10.1125000	298.6854
10.1299000	298.6856
10.1473000	298.6858
10.1648000	298.6861
10.1822000	298.6863
10.1996000	298.6865
10.2170000	298.6867
10.2344000	298.6869
10.2519000	298.6871
10.2692000	298.6874
10.2867000	298.6876
10.3041000	298.6878
10.3216000	298.6880
10.3390000	298.6882
10.3564000	298.6884
10.3738000	298.6886
10.3912000	298.6888
10.4087000	298.6891
10.4261000	298.1958
10.4435000	298.1960
10.4609000	298.1962
10.4783000	298.1964
10.4958000	298.1967
10.5131000	298.1969
10.5306000	298.1971
10.5480000	298.1973
10.5655000	298.1975
10.5829000	298.1977
10.6002000	298.1979
10.6177000	298.1982
10.6351000	298.1984
10.6526000	298.1985
10.6700000	298.1988
10.6874000	298.1990
10.7048000	298.1992
10.7222000	298.1995
10.7397000	298.1997
10.7570000	298.1999
10.7745000	298.2001
10.7919000	298.2003
10.8094000	298.2005
10.8268000	298.2006
10.8441000	298.2010
10.8616000	298.2012
10.8790000	298.2014
10.8965000	298.2016
10.9139000	298.2018
10.9313000	298.2020
10.9487000	298.2022
10.9662000	298.2025
10.9836000	298.2027
11.0010000	297.7094
11.0184000	297.7096
11.0358000	297.7098
11.0533000	297.7100
11.0707000	297.7103
11.0881000	297.7105
11.1055000	297.7107
11.1229000	297.7109
11.1404000	297.7111
11.1578000	297.7113
11.1752000	297.7116
11.1926000	297.7118
11.2100000	297.7120
11.2275000	297.7122
11.2449000	297.7124
11.2623000	297.7126
11.2797000	297.7128
11.2972000	297.7130
11.3146000	297.7133
11.3320000	297.7135
11.3494000	297.7137
11.3668000	297.7139
11.3843000	297.7141
11.4017000	297.7143
11.4191000	297.2211
11.4365000	297.2213
11.4539000	297.2215
11.4714000	297.2217
11.4888000	297.2219
11.5062000	297.2221
11.5236000	297.2224
11.5411000	297.2226
11.5585000	297.2227
11.5758000	297.2230
11.5933000	297.2232
11.6107000	297.2234
11.6282000	297.2237
11.6456000	297.2239
11.6630000	297.2241
11.6804000	297.2243
11.6978000	297.2245
11.7153000	297.2247
11.7327000	297.2248
11.7501000	297.2252
11.7675000	297.2254
11.7849000	296.7321
11.8024000	296.7323
11.8197000	296.7325
11.8372000	296.7327
11.8546000	296.7330
11.8721000	296.7332
11.8895000	296.7334
11.9069000	296.7336
11.9243000	296.7338
11.9417000	296.7340
11.9592000	296.7342
11.9766000	296.7345
11.9940000	296.7347
12.0114000	296.7349
12.0289000	296.7351
12.0463000	296.7353
12.0637000	296.7355
12.0811000	296.7358
12.0985000	296.7360
12.1160000	296.2427
12.1334000	296.2429
12.1508000	296.2431
12.1682000	296.2433
12.1856000	296.2436
12.2031000	296.2438
12.2205000	296.2440
12.2379000	296.2442
12.2553000	296.2444
12.2727000	296.2446
12.2902000	296.2448
12.3075000	296.2451
12.3250000	296.2453
12.3424000	296.2455
12.3599000	296.2457
12.3773000	296.2459
12.3947000	296.2461
12.4121000	295.7529
12.4295000	295.7530
12.4470000	295.7532
12.4644000	295.7534
12.4818000	295.7537
12.4992000	295.7539
12.5166000	295.7541
12.5341000	295.7544
12.5514000	295.7546
12.5689000	295.7548
12.5863000	295.7550
12.6038000	295.7551
12.6212000	295.7553
12.6385000	295.7557
12.6560000	295.7559
12.6734000	295.2626
12.6909000	295.2628
12.7083000	295.2630
12.7257000	295.2631
12.7431000	295.2635
12.7605000	295.2637
12.7780000	295.2639
12.7953000	295.2641
12.8128000	295.2643
12.8302000	295.2645
12.8476000	295.2647
12.8651000	295.2650
12.8824000	295.2652
12.8999000	295.2654
12.9173000	294.7721
12.9348000	294.7723
12.9522000	294.7725
12.9696000	294.7728
12.9870000	294.7730
13.0044000	294.7732
13.0219000	294.7734
13.0393000	294.7736
13.0567000	294.7738
13.0741000	294.7740
13.0915000	294.7743
13.1090000	294.7745
13.1264000	294.7747
13.1438000	294.2814
13.1612000	294.2816
13.1786000	294.2818
13.1961000	294.2821
13.2135000	294.2823
13.2309000	294.2825
13.2483000	294.2827
13.2658000	294.2829
13.2832000	294.2831
13.3006000	294.2833
13.3180000	294.2836
13.3354000	294.2838
13.3529000	293.7905
13.3703000	293.7907
13.3877000	293.7909
13.4051000	293.7912
13.4224000	293.7913
13.4400000	293.7915
13.4574000	293.7917
13.4748000	293.7920
13.4922000	293.7922
13.5097000	293.7924
13.5271000	293.7927
13.5445000	293.7929
13.5619000	293.7931
13.5793000	293.2998
13.5968000	293.3000
13.6141000	293.3002
13.6316000	293.3005
13.6490000	293.3007
13.6663000	293.3009
13.6839000	293.3011
13.7013000	293.3013
13.7187000	293.3014
13.7361000	293.3017
13.7534000	293.3020
13.7710000	293.3022
13.7884000	293.3024
13.8058000	293.3026
13.8232000	293.3028
13.8407000	292.8094
13.8580000	292.8098
13.8755000	292.8100
13.8929000	292.8102
13.9102000	292.8104
13.9278000	292.8106
13.9452000	292.8108
13.9626000	292.8111
13.9800000	292.8113
13.9973000	292.8115
14.0149000	292.8117
14.0323000	292.8119
14.0497000	292.8121
14.0671000	292.3189
14.0845000	292.3191
14.1020000	292.3193
14.1194000	292.3195
14.1368000	292.3197
14.1542000	292.3199
14.1717000	292.3201
14.1891000	292.3204
14.2065000	292.3206
14.2239000	292.3208
14.2413000	292.3210
14.2588000	292.3212
14.2762000	291.8279
14.2936000	291.8282
14.3110000	291.8284
14.3284000	291.8286
14.3458000	291.8288
14.3633000	291.8290
14.3807000	291.8292
14.3981000	291.8294
14.4156000	291.8296
14.4330000	291.8298
14.4504000	291.8300
14.4678000	291.8303
14.4852000	291.8305
14.5027000	291.3373
14.5201000	291.3375
14.5375000	291.3377
14.5549000	291.3378
14.5723000	291.3381
14.5897000	291.3383
14.6072000	291.3385
14.6246000	291.3388
14.6420000	291.3390
14.6594000	291.3392
14.6768000	291.3394
14.6943000	291.3396
14.7117000	290.8463
14.7290000	290.8466
14.7466000	290.8468
14.7640000	290.8470
14.7814000	290.8472
14.7988000	290.8474
14.8162000	290.8476
14.8336000	290.8477
14.8511000	290.8481
14.8685000	290.8483
14.8859000	290.8485
14.9033000	290.8487
14.9207000	290.3554
14.9382000	290.3556
14.9556000	290.3559
14.9729000	290.3561
14.9904000	290.3563
15.0079000	290.3565
15.0253000	290.3567
15.0427000	290.3569
15.0601000	290.3572
15.0776000	290.3574
15.0950000	290.3576
15.1124000	290.3578
15.1298000	289.8645
15.1472000	289.8647
15.1647000	289.8650
15.1821000	289.8652
15.1995000	289.8654
15.2169000	289.8656
15.2343000	289.8658
15.2518000	289.8660
15.2692000	289.8662
15.2866000	289.8665
15.3040000	289.8667
15.3215000	289.8669
15.3389000	289.3736
15.3563000	289.3738
15.3737000	289.3740
15.3911000	289.3743
15.4086000	289.3745
15.4260000	289.3747
15.4434000	289.3749
15.4607000	289.3751
15.4782000	289.3753
15.4957000	289.3755
15.5131000	289.3758
15.5305000	289.3760
15.5479000	288.8827
15.5653000	288.8829
15.5828000	288.8831
15.6002000	288.8833
15.6176000	288.8836
15.6350000	288.8838
15.6524000	288.8840
15.6699000	288.8841
15.6873000	288.8843
15.7046000	288.8846
15.7221000	288.8849
15.7396000	288.3916
15.7570000	288.3918
15.7744000	288.3920
15.7917000	288.3921
15.8092000	288.3924
15.8267000	288.3927
15.8441000	288.3929
15.8615000	288.3931
15.8789000	288.3933
15.8963000	288.3935
15.9138000	288.3937
15.9312000	288.3939
15.9485000	287.9007
15.9660000	287.9009
15.9834000	287.9011
16.0009000	287.9013
16.0183000	287.9015
16.0357000	287.9017
16.0531000	287.9020
16.0706000	287.9022
16.0880000	287.9024
16.1054000	287.9026
16.1228000	287.9028
16.1402000	287.4095
16.1577000	287.4098
16.1751000	287.4100
16.1925000	287.4102
16.2099000	287.4104
16.2273000	287.4106
16.2448000	287.4108
16.2622000	287.4110
16.2796000	287.4113
16.2970000	287.4115
16.3145000	287.4117
16.3319000	286.9184
16.3493000	286.9186
16.3667000	286.9188
16.3841000	286.9191
16.4016000	286.9193
16.4190000	286.9195
16.4364000	286.9197
16.4538000	286.9199
16.4712000	286.9201
16.4887000	286.9203
16.5061000	286.9205
16.5234000	286.4273
16.5409000	286.4275
16.5583000	286.4277
16.5758000	286.4279
16.5932000	286.4282
16.6106000	286.4284
16.6280000	286.4285
16.6455000	286.4288
16.6629000	286.4290
16.6803000	286.4292
16.6977000	286.4294
16.7151000	285.9362
16.7326000	285.9364
16.7500000	285.9365
16.7673000	285.9367
16.7848000	285.9370
16.8022000	285.9372
16.8197000	285.9375
16.8371000	285.9377
16.8545000	285.9379
16.8719000	285.9381
16.8893000	285.9383
16.9068000	285.9385
16.9242000	285.4453
16.9416000	285.4455
16.9590000	285.4457
16.9764000	285.4459
16.9939000	285.4461
17.0113000	285.4463
17.0287000	285.4466
17.0461000	285.4468
17.0636000	285.4470
17.0810000	285.4472
17.0984000	285.4474
17.1158000	284.9541
17.1332000	284.9544
17.1507000	284.9546
17.1681000	284.9548
17.1855000	284.9550
17.2029000	284.9552
17.2203000	284.9554
17.2378000	284.9556
17.2551000	284.9559
17.2726000	284.9561
17.2900000	284.9563
17.3074000	284.4630
17.3249000	284.4632
17.3423000	284.4634
17.3597000	284.4637
17.3771000	284.4639
17.3946000	284.4641
17.4120000	284.4643
17.4294000	284.4645
17.4468000	284.4647
17.4642000	284.4649
17.4817000	284.4652
17.4990000	283.9719
17.5165000	283.9721
17.5339000	283.9723
17.5513000	283.9725
17.5688000	283.9727
17.5862000	283.9729
17.6036000	283.9731
17.6210000	283.9734
17.6385000	283.9736
17.6559000	283.9738
17.6733000	283.9740
17.6907000	283.9743
17.7081000	283.9745
17.7256000	283.9747
17.7429000	283.9748
17.7604000	283.9750
17.7778000	283.9752
17.7952000	283.9755
17.8127000	283.9758
17.8300000	283.9760
17.8475000	283.4827
17.8649000	283.4828
17.8822000	283.4830
17.8998000	283.4833
17.9172000	283.4836
17.9346000	283.4838
17.9520000	283.4840
17.9695000	283.4842
17.9868000	283.4844
18.0043000	283.4846
18.0217000	283.4848
18.0391000	283.4851
18.0566000	283.4853
18.0740000	283.4855
18.0914000	283.4857
18.1088000	283.4859
18.1262000	282.9926
18.1437000	282.9929
18.1611000	282.9931
18.1785000	282.9933
18.1959000	282.9935
18.2134000	282.9937
18.2308000	282.9939
18.2482000	282.9942
18.2656000	282.9944
18.2830000	282.9946
18.3005000	282.9948
18.3179000	282.9950
18.3353000	282.9952
18.3527000	282.9954
18.3700000	282.9957
18.3876000	282.9959
18.4050000	282.5026
18.4224000	282.5028
18.4398000	282.5030
18.4573000	282.5032
18.4747000	282.5034
18.4921000	282.5037
18.5095000	282.5039
18.5269000	282.5041
18.5444000	282.5043
18.5617000	282.5045
18.5792000	282.5047
18.5966000	282.5050
18.6139000	282.5051
18.6315000	282.5053
18.6489000	282.5056
18.6663000	282.5058
18.6837000	282.0125
18.7010000	282.0128
18.7186000	282.0130
18.7360000	282.0132
18.7534000	282.0134
18.7708000	282.0136
18.7883000	282.0138
18.8056000	282.0141
18.8231000	282.0143
18.8405000	282.0145
18.8578000	282.0147
18.8754000	282.0149
18.8928000	282.0151
18.9102000	282.0153
18.9276000	282.0156
18.9449000	282.0158
18.9625000	281.5225
18.9799000	281.5227
18.9973000	281.5229
19.0147000	281.5231
19.0322000	281.5234
19.0496000	281.5236
19.0670000	281.5238
19.0844000	281.5240
19.1018000	281.5242
19.1193000	281.5244
19.1367000	281.5246
19.1541000	281.5249
19.1715000	281.5251
19.1889000	281.5253
19.2064000	281.5255
19.2238000	281.5257
19.2412000	281.5259
19.2586000	281.5262
19.2760000	281.0329
19.2934000	281.0331
19.3109000	281.0333
19.3283000	281.0335
19.3457000	281.0337
19.3632000	281.0340
19.3806000	281.0342
19.3980000	281.0344
19.4154000	281.0346
19.4328000	281.0348
19.4503000	281.0350
19.4677000	281.0352
19.4851000	281.0355
19.5025000	281.0357
19.5200000	281.0359
19.5373000	281.0361
19.5548000	281.0363
19.5722000	280.5430
19.5896000	280.5433
19.6071000	280.5434
19.6245000	280.5436
19.6419000	280.5439
19.6593000	280.5441
19.6766000	280.5443
19.6942000	280.5445
19.7116000	280.5448
19.7290000	280.5450
19.7464000	280.5452
19.7638000	280.5453
19.7812000	280.5455
19.7987000	280.5457
19.8161000	280.5461
19.8335000	280.5463
19.8510000	280.5465
19.8683000	280.5467
19.8858000	280.0534
19.9032000	280.0536
19.9205000	280.0539
19.9381000	280.0541
19.9555000	280.0543
19.9729000	280.0545
19.9903000	279.5612
20.0077000	279.5614
20.0147000	279.3075
20.1192000	279.3075
20.2238000	279.3077
20.3285000	278.8142
20.4330000	278.8143
20.5375000	278.8144
20.6421000	278.3209
20.7467000	278.3210
20.8512000	278.3211
20.9559000	277.8275
21.0604000	277.8276
21.1650000	277.8277
21.2696000	277.3342
21.3742000	277.3343
21.4787000	277.3344
21.5832000	277.3345
21.6879000	276.8410
21.7924000	276.8411
21.8970000	276.8412
22.0016000	276.3476
22.1062000	276.3477
22.2107000	276.3477
22.3152000	276.3479
22.4199000	275.8544
22.5244000	275.8545
22.6290000	275.8546
22.7336000	275.3611
22.8382000	275.3612
22.9426000	275.3613
23.0472000	275.3614
23.1519000	274.8678
23.2564000	274.8679
23.3610000	274.8679
23.4656000	274.3745
23.5702000	274.3746
23.6747000	274.3747
23.7792000	274.3748
23.8839000	273.8813
23.9884000	273.8814
24.0929000	273.8815
24.1975000	273.8816
24.3022000	273.3880
24.4067000	273.3881
24.5112000	273.3883
24.6159000	272.8947
24.7204000	272.8948
24.8249000	272.8949
24.9295000	272.8950
25.0341000	272.4015
25.1387000	272.4016
25.2432000	272.4017
25.3479000	271.9081
25.4524000	271.9082
25.5569000	271.9083
25.6616000	271.4148
25.7661000	271.4149
25.8707000	271.4150
25.9752000	270.9215
26.0799000	270.9216
26.1844000	270.9217
26.2891000	270.4281
26.3936000	270.4282
26.4981000	270.4283
26.6028000	269.9348
26.7073000	269.9348
26.8119000	269.9350
26.9165000	269.4415
27.0211000	269.4416
27.1256000	269.4417
27.2303000	268.9481
27.3348000	268.9482
27.4393000	268.9483
27.5440000	268.4548
27.6484000	268.4549
27.7530000	268.4550
27.8577000	267.9615
27.9623000	267.9616
28.0669000	267.4680
28.1715000	267.4681
28.2760000	267.4682
28.3807000	266.9747
28.4852000	266.9748
28.5897000	266.9748
28.6944000	266.4813
28.7989000	266.4815
28.9036000	265.9879
29.0081000	265.9880
29.1127000	265.9881
29.2173000	265.4946
29.3219000	265.4947
29.4264000	265.0011
29.5311000	265.0012
29.6356000	265.0013
29.7403000	264.5078
29.8448000	264.5079
29.9495000	264.0143
30.0540000	264.0145
30.1585000	264.0146
30.2631000	263.5210
30.3677000	263.5211
30.4723000	263.5211
30.5769000	263.0277
30.6815000	263.0278
30.7861000	262.5342
30.8907000	262.5343
30.9952000	262.5344
31.0997000	262.5346
31.2044000	262.0410
31.3091000	261.5474
31.4136000	261.5476
31.5183000	261.0540
31.6228000	261.0541
31.7273000	261.0542
31.8319000	260.5607
31.9365000	260.5608
32.0412000	260.0672
32.1457000	260.0673
32.2503000	260.0674
32.3548000	260.0676
32.4596000	259.0803
32.5641000	259.0805
32.6686000	259.0806
32.7732000	258.5870
32.8779000	258.5871
32.9826000	258.0936
33.0871000	258.0937
33.1918000	257.6000
33.2963000	257.6002
33.4010000	257.1067
33.5055000	257.1068
33.6099000	257.1069
33.7147000	256.6134
33.8192000	256.6135
33.9239000	256.1199
34.0284000	256.1200
34.1331000	255.6265
34.2376000	255.6266
34.3423000	255.1330
34.4468000	255.1331
34.5514000	255.1332
34.6559000	255.1333
34.7607000	254.1461
34.8652000	254.1461
34.9699000	253.6526
35.0744000	253.6528
35.1790000	253.6529
35.2836000	253.1594
35.3881000	253.1595
35.4928000	252.6659
35.5974000	252.6660
35.7019000	252.6661
35.8066000	252.1726
35.9111000	252.1727
36.0158000	251.6791
36.1203000	251.6792
36.2248000	251.6794
36.3295000	251.1858
36.4340000	251.1859
36.5387000	250.6924
36.6432000	250.6925
36.7478000	250.6926
36.8524000	250.1990
36.9569000	250.1991
37.0615000	250.1992
37.1662000	249.7057
37.2707000	249.7058
37.3754000	249.2122
37.4799000	249.2124
37.5844000	249.2125
37.6891000	248.7189
37.7936000	248.7189
37.8982000	248.7191
38.0028000	248.2256
38.1074000	248.2257
38.2120000	247.7321
38.3166000	247.7322
38.4211000	247.7323
38.5258000	247.2388
38.6303000	247.2389
38.7348000	247.2389
38.8395000	246.7455
38.9440000	246.7456
39.0486000	246.7457
39.1532000	246.2521
39.2578000	246.2522
39.3623000	246.2523
39.4670000	245.7588
39.5715000	245.7589
39.6760000	245.7590
39.7807000	245.2655
39.8852000	245.2656
39.9898000	245.2657
40.0943000	245.2658
40.1990000	244.7722
40.3035000	244.7723
40.4080000	244.7724
40.5126000	244.7726
40.6172000	244.2790
40.7218000	244.2791
40.8263000	244.2792
40.9308000	244.2793
41.0352000	244.2793
41.1400000	243.7859
41.2445000	243.7860
41.3491000	243.7861
41.4536000	243.7862
41.5581000	243.7863
41.6627000	243.7864
41.7671000	243.7865
41.8717000	243.7866
41.9763000	243.7867
42.0809000	243.2932
42.1855000	243.2933
42.2900000	243.2934
42.3945000	243.2934
42.4990000	243.2936
42.6036000	243.2937
42.7081000	243.2938
42.8126000	243.2939
42.9172000	243.2941
43.0217000	243.2942
43.1262000	243.2943
43.2308000	243.2944
43.3353000	243.2945
43.4398000	243.2946
43.5443000	243.2947
43.6489000	243.2948
43.7534000	243.2949
43.8578000	243.2950
43.9623000	243.7888
44.0668000	243.7889
44.1714000	243.7890
44.2759000	243.7891
44.3804000	243.7892
44.4849000	243.7893
44.5895000	243.7894
44.6940000	243.7894
44.7986000	243.7896
44.9029000	244.2833
45.0075000	244.2835
45.1120000	244.2836
45.2165000	244.2837
45.3211000	244.2838
45.4256000	244.2839
45.5301000	244.2841
45.6345000	244.7778
45.7389000	244.7779
45.8436000	244.7780
45.9479000	245.2718
46.0525000	245.2719
46.1570000	245.2720
46.2615000	245.2721
46.3659000	245.7659
46.4705000	245.7660
46.5750000	245.7661
46.6795000	245.7662
46.7839000	246.2600
46.8883000	246.2601
46.9929000	246.2602
47.0973000	246.7540
47.2019000	246.7541
47.3064000	246.7542
47.4108000	247.2479
47.5152000	247.2480
47.6198000	247.2482
47.7242000	247.7419
47.8288000	247.7420
47.9331000	248.2358
48.0377000	248.2359
48.1421000	248.2360
48.2466000	248.7298
48.3511000	248.7299
48.4557000	248.7300
48.5600000	249.2238
48.6646000	249.2239
48.7690000	249.7176
48.8735000	249.7177
48.9780000	249.7178
49.0824000	250.2116
49.1869000	250.2117
49.2915000	250.2118
49.3958000	250.7056
49.5004000	250.7057
49.6048000	251.1995
49.7093000	251.1996
49.8138000	251.1997
49.9182000	251.6934
50.0227000	251.6935
50.1271000	252.1873
50.2317000	252.1874
50.3360000	252.6812
50.4405000	252.6813
50.5451000	252.6814
50.6495000	253.1752
50.7540000	253.1753
50.8584000	253.6690
50.9628000	253.6691
51.0675000	253.6693
51.1718000	254.1630
51.2764000	254.1631
51.3809000	254.1632
51.4853000	254.6570
51.5897000	254.6571
51.6944000	254.6572
51.7987000	255.1510
51.9033000	255.1511
52.0078000	255.1512
52.1122000	255.6450
52.2167000	255.6451
52.3212000	255.6452
52.4258000	255.6453
52.5302000	256.1390
52.6347000	256.1392
52.7391000	256.1393
52.8436000	256.6330
52.9481000	256.6331
53.0527000	256.6332
53.1570000	257.1270
53.2616000	257.1271
53.3660000	257.1272
53.4706000	257.1273
53.5750000	257.6211
53.6796000	257.6212
53.7841000	257.6213
53.8885000	257.6214
53.9931000	257.6215
54.0975000	258.1153
54.2021000	258.1154
54.3064000	258.6092
54.4110000	258.6093
54.5154000	258.6094
54.6200000	258.6095
54.7246000	258.6096
54.8289000	259.1034
54.9335000	259.1035
55.0380000	259.1036
55.1425000	259.1037
55.2471000	259.1038
55.3516000	259.1039
55.4561000	259.1040
55.5605000	259.5977
55.6650000	259.5979
55.7696000	259.5979
55.8740000	259.5981
55.9786000	259.5981
56.0832000	259.5983
56.1877000	259.5984
56.2922000	259.5985
56.3967000	259.5986
56.5013000	259.5987
56.6058000	259.5988
56.7103000	259.5989
56.8149000	259.5991
56.9194000	259.5992
57.0239000	259.5993
57.1285000	259.5994
57.2330000	259.5995
57.3375000	259.5996
57.4420000	259.5997
57.5466000	259.5998
57.6511000	259.5998
57.7556000	259.6000
57.8601000	259.6000
57.9647000	259.1066
58.0694000	259.1067
58.1739000	259.1068
58.2784000	259.1069
58.3830000	259.1070
58.4875000	259.1071
58.5922000	258.6136
58.6966000	258.6137
58.8012000	258.6138
58.9057000	258.6139
59.0103000	258.6139
59.1149000	258.1204
59.2195000	258.1206
59.3240000	258.1207
59.4287000	257.6271
59.5332000	257.6272
59.6377000	257.6273
59.7423000	257.6274
59.8469000	257.1339
59.9515000	257.1340
60.0560000	257.1341
60.1605000	257.1342
60.2652000	256.6407
60.3697000	256.6408
60.4743000	256.6409
60.5789000	256.1473
60.6835000	256.1474
60.7880000	256.1475
60.8927000	255.6540
60.9971000	255.6541
61.1017000	255.6542
61.2064000	255.1607
61.3109000	255.1608
61.4155000	255.1609
61.5201000	254.6673
61.6247000	254.6674
61.7292000	254.6675
61.8338000	254.1740
61.9384000	254.1741
62.0429000	254.1742
62.1476000	253.6806
62.2521000	253.6808
62.3568000	253.1872
62.4613000	253.1873
62.5659000	253.1874
62.6705000	252.6939
62.7751000	252.6940
62.8797000	252.2004
62.9843000	252.2005
63.0889000	251.7069
63.1935000	251.7071
63.2980000	251.7072
63.4027000	251.2136
63.5072000	251.2138
63.6118000	250.7202
63.7164000	250.7203
63.8209000	250.7204
63.9256000	250.2269
64.0301000	250.2270
64.1348000	249.7334
64.2393000	249.7335
64.3439000	249.7336
64.4485000	249.2401
64.5531000	249.2402
64.6577000	248.7466
64.7623000	248.7468
64.8668000	248.7469
64.9715000	248.2533
65.0760000	248.2534
65.1807000	247.7599
65.2852000	247.7600
65.3897000	247.7601
65.4944000	247.2665
65.5989000	247.2666
65.7036000	246.7731
65.8081000	246.7732
65.9127000	246.7732
66.0173000	246.2798
66.1219000	246.2799
66.2265000	245.7863
66.3311000	245.7864
66.4356000	245.7865
66.5403000	245.2930
66.6448000	245.2931
66.7495000	244.7995
66.8540000	244.7995
66.9585000	244.7997
67.0632000	244.3062
67.1677000	244.3063
67.2723000	244.3064
67.3769000	243.8129
67.4815000	243.8130
67.5859000	243.8131
67.6907000	243.3195
67.7952000	243.3195
67.8997000	243.3197
68.0044000	242.8262
68.1089000	242.8263
68.2135000	242.8264
68.3181000	242.3329
68.4227000	242.3330
68.5272000	242.3331
68.6319000	241.8395
68.7364000	241.8396
68.8409000	241.8397
68.9455000	241.8397
69.0501000	241.3463
69.1547000	241.3464
69.2591000	241.3465
69.3639000	240.8530
69.4684000	240.8531
69.5729000	240.8532
69.6775000	240.8533
69.7820000	240.8534
69.8867000	240.3598
69.9912000	240.3599
70.0957000	240.3601
70.2002000	240.3602
70.3048000	240.3603
70.4094000	239.8667
70.5140000	239.8668
70.6185000	239.8669
70.7229000	239.8670
70.8276000	239.8672
70.9321000	239.8673
71.0366000	239.8674
71.1412000	239.8675
71.2457000	239.8676
71.3502000	239.8677
71.4546000	239.8678
71.5594000	239.3742
71.6639000	239.3744
71.7685000	239.3745
71.8730000	239.3746
71.9775000	239.3747
72.0821000	239.3748
72.1865000	239.3749
72.2911000	239.3750
72.3957000	239.3751
72.5002000	239.3752
72.6047000	239.3753
72.7092000	239.3754
72.8138000	239.3755
72.9183000	239.3756
73.0228000	239.3758
73.1274000	239.3759
73.2319000	239.3760
73.3363000	239.8697
73.4408000	239.8698
73.5453000	239.8699
73.6499000	239.8700
73.7544000	239.8702
73.8589000	239.8702
73.9635000	239.8704
74.0680000	239.8705
74.1724000	239.8706
74.2770000	239.8707
74.3816000	239.8708
74.4861000	239.8709
74.5906000	239.8710
74.6952000	239.8711
74.7997000	239.8712
74.9042000	239.8713
75.0087000	239.8715
75.1133000	239.8716
75.2178000	239.8717
75.3223000	239.8718
75.4269000	239.8719
75.5314000	239.8719
75.6359000	239.8721
75.7405000	239.8721
75.8450000	239.8723
75.9495000	239.8723
76.0540000	239.8725
76.1587000	239.3790
76.2631000	239.3791
76.3678000	239.3792
76.4723000	239.3793
76.5768000	239.3794
76.6814000	239.3795
76.7859000	239.3796
76.8904000	239.3797
76.9950000	239.3798
77.0995000	239.3799
77.2040000	239.3801
77.3085000	239.3801
77.4132000	238.8866
77.5177000	238.8867
77.6223000	238.8868
77.7268000	238.8869
77.8313000	238.8870
77.9359000	238.8871
78.0404000	238.8873
78.1449000	238.8874
78.2496000	238.3938
78.3541000	238.3939
78.4586000	238.3940
78.5632000	238.3941
78.6677000	238.3942
78.7722000	238.3942
78.8768000	238.3945
78.9814000	237.9009
79.0860000	237.9010
79.1905000	237.9011
79.2950000	237.9012
79.3996000	237.9013
79.5041000	237.9014
79.6086000	237.9016
79.7133000	237.4080
79.8178000	237.4081
79.9224000	237.4082
80.0269000	237.4083
80.1314000	237.4083
80.2359000	237.4085
80.3405000	237.4086
80.4451000	236.9151
80.5497000	236.9152
80.6542000	236.9153
80.7587000	236.9154
80.8633000	236.9155
80.9678000	236.9156
81.0725000	236.4221
81.1770000	236.4222
81.2814000	236.4223
81.3860000	236.4224
81.4906000	236.4224
81.5951000	236.4226
81.6998000	235.9291
81.8043000	235.9292
81.9088000	235.9293
82.0134000	235.9294
82.1179000	235.9295
82.2224000	235.9296
82.3271000	235.4361
82.4316000	235.4362
82.5362000	235.4363
82.6407000	235.4364
82.7452000	235.4365
82.8498000	235.4365
82.9544000	234.9430
83.0590000	234.9432
83.1635000	234.9433
83.2680000	234.9434
83.3725000	234.9435
83.4771000	234.9436
83.5816000	234.9437
83.6861000	234.9438
83.7907000	234.9439
83.8952000	234.9440
83.9997000	234.9441
84.1044000	234.4506
84.2089000	234.4506
84.3135000	234.4508
84.4180000	234.4509
84.5225000	234.4510
84.6270000	234.4511
84.7316000	234.4512
84.8361000	234.4513
84.9405000	234.4514
85.0452000	234.4515
85.1497000	234.4516
85.2542000	234.4518
85.3588000	234.4519
85.4633000	234.4520
85.5678000	234.4521
85.6723000	234.4522
85.7770000	233.9586
85.8815000	233.9586
85.9861000	233.9588
86.0906000	233.9590
86.1951000	233.9590
86.2997000	233.9592
86.4042000	233.9593
86.5087000	233.9594
86.6133000	233.9595
86.7178000	233.9596
86.8223000	233.9597
86.9268000	233.9598
87.0314000	233.9599
87.1359000	233.9600
87.2404000	233.9601
87.3450000	233.9602
87.4495000	233.9604
87.5540000	233.9605
87.6585000	233.9606
87.7629000	234.4543
87.8675000	234.4544
87.9720000	234.4545
88.0765000	234.4546
88.1811000	234.4548
88.2856000	234.4549
88.3901000	234.4550
88.4946000	234.4551
88.5992000	234.4552
88.7036000	234.9489
88.8081000	234.9491
88.9125000	234.9492
89.0171000	234.9493
89.1217000	234.9494
89.2262000	234.9495
89.3307000	234.9496
89.4353000	234.9497
89.5396000	235.4435
89.6442000	235.4436
89.7487000	235.4437
89.8532000	235.4438
89.9578000	235.4439
90.0623000	235.4440
90.1668000	235.4441
90.2711000	235.9379
90.3757000	235.9380
90.4803000	235.9381
90.5848000	235.9382
90.6893000	235.9383
90.7936000	236.4321
90.8982000	236.4322
91.0028000	236.4323
91.1073000	236.4324
91.2117000	236.9262
91.3162000	236.9263
91.4208000	236.9264
91.5253000	236.9264
91.6297000	237.4203
91.7342000	237.4203
91.8387000	237.4205
91.9433000	237.4205
92.0476000	237.9143
92.1522000	237.9144
92.2567000	237.9146
92.3612000	237.9146
92.4656000	238.4083
92.5701000	238.4085
92.6747000	238.4086
92.7792000	238.4088
92.8836000	238.9024
92.9881000	238.9026
93.0927000	238.9026
93.1972000	238.9028
93.3016000	239.3966
93.4061000	239.3967
93.5106000	239.3968
93.6150000	239.8906
93.7195000	239.8907
93.8241000	239.8908
93.9285000	239.8909
94.0330000	240.3847
94.1375000	240.3848
94.2420000	240.3849
94.3464000	240.8787
94.4510000	240.8788
94.5554000	240.8789
94.6600000	240.8790
94.7644000	241.3727
94.8688000	241.8665
94.9733000	241.8666
95.0779000	241.8667
95.1824000	241.8668
95.2869000	241.8669
95.3914000	241.8670
95.4960000	241.8672
95.6005000	241.8673
95.7048000	242.3610
95.8094000	242.3611
95.9139000	242.3612
96.0185000	242.3613
96.1230000	242.3615
96.2274000	242.8552
96.3319000	242.8553
96.4365000	242.8554
96.5410000	242.8555
96.6455000	242.8557
96.7500000	242.8558
96.8544000	243.3495
96.9590000	243.3496
97.0635000	243.3497
97.1680000	243.3498
97.2725000	243.3500
97.3771000	243.3501
97.4816000	243.3502
97.5859000	243.8439
97.6905000	243.8439
97.7951000	243.8441
97.8996000	243.8443
98.0041000	243.8444
98.1086000	243.8445
98.2132000	243.8446
98.3176000	244.3383
98.4221000	244.3385
98.5266000	244.3386
98.6311000	244.3387
98.7357000	244.3388
98.8401000	244.3389
98.9447000	244.3390
99.0493000	244.3391
99.1536000	244.8329
99.2582000	244.8330
99.3627000	244.8331
99.4672000	244.8332
99.5718000	244.8333
99.6763000	244.8334
99.7808000	244.8335
99.8854000	244.8336
99.9897000	245.3274
100.0943000	245.3275
100.1988000	245.3276
100.3033000	245.3277
100.4079000	245.3277
100.5124000	245.3279
100.6169000	245.3280
100.7214000	245.3281
100.8258000	245.8218
100.9304000	245.8220
101.0349000	245.8221
101.1394000	245.8222
101.2440000	245.8223
101.3485000	245.8224
101.4530000	245.8225
101.5575000	245.8227
101.6619000	246.3164
101.7665000	246.3165
101.8710000	246.3166
101.9755000	246.3167
102.0800000	246.3168
102.1846000	246.3170
102.2891000	246.3171
102.3936000	246.3172
102.4982000	246.3173
102.6027000	246.3174