#DataThief C:\Stuff\Judit\Dark Matter Research\Datathief\nord-120kpc-bulge.png Thursday 26-Dec-2019 5:10:36 PM
0.0131	0.6186
0.0297000000	23.8686000000
0.0465000000	41.1826000000
0.0633000000	58.9912000000
0.0801000000	76.7997000000
0.0969000000	94.1138000000
0.1137000000	111.9224000000
0.1305000000	129.7309000000
0.1473000000	147.0450000000
0.1642000000	159.9069000000
0.1814000000	167.8220000000
0.1985000000	173.2637000000
0.2159000000	178.2107000000
0.2332000000	183.1579000000
0.2504000000	187.1156000000
0.2678000000	189.5893000000
0.2851000000	194.0417000000
0.3024000000	196.5154000000
0.3197000000	199.4838000000
0.3371000000	202.4521000000
0.3545000000	203.9365000000
0.3718000000	206.9049000000
0.3892000000	209.3786000000
0.4064000000	211.8523000000
0.4239000000	213.8313000000
0.4412000000	216.3050000000
0.4586000000	217.7893000000
0.4760000000	219.7684000000
0.4934000000	221.7473000000
0.5108000000	222.7370000000
0.5282000000	224.2214000000
0.5455000000	225.2111000000
0.5629000000	226.6954000000
0.5803000000	227.6851000000
0.5977000000	228.6747000000
0.6152000000	229.6644000000
0.6326000000	230.1595000000
0.6500000000	231.1491000000
0.6674000000	232.1388000000
0.6848000000	232.6338000000
0.7022000000	233.6235000000
0.7196000000	234.1185000000
0.7370000000	235.1081000000
0.7545000000	235.6031000000
0.7719000000	236.0981000000
0.7893000000	236.5931000000
0.8067000000	237.5828000000
0.8241000000	238.0778000000
0.8416000000	238.5728000000
0.8590000000	239.0678000000
0.8763000000	239.5628000000
0.8938000000	240.5525000000
0.9112000000	241.0475000000
0.9287000000	241.5425000000
0.9461000000	241.5428000000
0.9635000000	242.0378000000
0.9809000000	242.5328000000
0.9984000000	242.5331000000
1.0158000000	242.5333000000
1.0332000000	243.0284000000
1.0507000000	243.0288000000
1.0681000000	243.0291000000
1.0855000000	243.5241000000
1.1030000000	243.5244000000
1.1204000000	244.0194000000
1.1379000000	244.0197000000
1.1553000000	244.0201000000
1.1727000000	244.5151000000
1.1902000000	244.5154000000
1.2076000000	244.5157000000
1.2250000000	245.0107000000
1.2425000000	245.0110000000
1.2599000000	245.0113000000
1.2772000000	245.0117000000
1.2948000000	245.5067000000
1.3122000000	245.5070000000
1.3296000000	245.5072000000
1.3471000000	245.5076000000
1.3645000000	246.0026000000
1.3819000000	246.0030000000
1.3994000000	246.0033000000
1.4168000000	246.0036000000
1.4343000000	246.0039000000
1.4517000000	246.0043000000
1.4692000000	246.0046000000
1.4866000000	246.0049000000
1.5040000000	246.0052000000
1.5215000000	246.0056000000
1.5389000000	246.0059000000
1.5564000000	246.0062000000
1.5737000000	246.0065000000
1.5912000000	246.0068000000
1.6087000000	246.0072000000
1.6261000000	246.0075000000
1.6436000000	246.0078000000
1.6610000000	246.0081000000
1.6784000000	246.0085000000
1.6959000000	246.0088000000
1.7133000000	246.0091000000
1.7308000000	246.0094000000
1.7482000000	246.0098000000
1.7656000000	246.0101000000
1.7831000000	246.0104000000
1.8005000000	245.5161000000
1.8180000000	245.5164000000
1.8354000000	245.5167000000
1.8529000000	245.5170000000
1.8702000000	245.5173000000
1.8878000000	245.0230000000
1.9052000000	245.0233000000
1.9226000000	245.0236000000
1.9401000000	245.0240000000
1.9575000000	245.0243000000
1.9750000000	244.5299000000
1.9924000000	244.5303000000
2.0099000000	244.5306000000
2.0273000000	244.5309000000
2.0448000000	244.0366000000
2.0622000000	244.0369000000
2.0796000000	244.0372000000
2.0971000000	243.5429000000
2.1145000000	243.5432000000
2.1320000000	243.5434000000
2.1494000000	243.0491000000
2.1669000000	243.0495000000
2.1843000000	243.0498000000
2.2018000000	243.0501000000
2.2192000000	242.5558000000
2.2367000000	242.5561000000
2.2541000000	242.5564000000
2.2716000000	242.0621000000
2.2890000000	242.0624000000
2.3064000000	242.0627000000
2.3239000000	241.5684000000
2.3413000000	241.5687000000
2.3588000000	241.5690000000
2.3761000000	241.0747000000
2.3937000000	241.0750000000
2.4111000000	241.0753000000
2.4285000000	240.5809000000
2.4460000000	240.5813000000
2.4635000000	240.0869000000
2.4809000000	240.0872000000
2.4984000000	240.0876000000
2.5158000000	240.0879000000
2.5333000000	239.5935000000
2.5507000000	239.5939000000
2.5681000000	239.5941000000
2.5856000000	239.0998000000
2.6030000000	239.1002000000
2.6205000000	238.6058000000
2.6379000000	238.6061000000
2.6554000000	238.6065000000
2.6728000000	238.1121000000
2.6903000000	238.1124000000
2.7077000000	237.6181000000
2.7252000000	237.6183000000
2.7426000000	237.6187000000
2.7601000000	237.1244000000
2.7774000000	237.1247000000
2.7950000000	236.6303000000
2.8124000000	236.6307000000
2.8298000000	236.6310000000
2.8473000000	236.6313000000
2.8648000000	236.1370000000
2.8822000000	236.1373000000
2.8997000000	235.6429000000
2.9171000000	235.6433000000
2.9346000000	235.1489000000
2.9520000000	235.1492000000
2.9694000000	235.1496000000
2.9868000000	234.6552000000
3.0043000000	234.6555000000
3.0218000000	234.1612000000
3.0392000000	234.1615000000
3.0567000000	233.6671000000
3.0741000000	233.6675000000
3.0916000000	233.6678000000
3.1090000000	233.1734000000
3.1265000000	233.1738000000
3.1439000000	232.6794000000
3.1614000000	232.6797000000
3.1788000000	232.6801000000
3.1963000000	232.1857000000
3.2137000000	232.1860000000
3.2312000000	231.6917000000
3.2486000000	231.6920000000
3.2661000000	231.6923000000
3.2835000000	231.1980000000
3.3010000000	231.1983000000
3.3184000000	230.7039000000
3.3359000000	230.7043000000
3.3533000000	230.2099000000
3.3708000000	230.2102000000
3.3881000000	230.2106000000
3.4056000000	229.7162000000
3.4231000000	229.7165000000
3.4405000000	229.2222000000
3.4580000000	229.2225000000
3.4754000000	229.2227000000
3.4929000000	229.2232000000
3.5103000000	228.7288000000
3.5278000000	228.7290000000
3.5452000000	228.2348000000
3.5627000000	228.2351000000
3.5800000000	228.2354000000
3.5976000000	227.7410000000
3.6150000000	227.2467000000
3.6324000000	227.2469000000
3.6499000000	226.7527000000
3.6674000000	226.7530000000
3.6848000000	226.7532000000
3.7023000000	226.2590000000
3.7197000000	226.2593000000
3.7372000000	225.7650000000
3.7546000000	225.7652000000
3.7720000000	225.7656000000
3.7894000000	225.7659000000
3.8069000000	225.2716000000
3.8244000000	225.2719000000
3.8418000000	224.7776000000
3.8593000000	224.2832000000
3.8767000000	224.2835000000
3.8942000000	223.7892000000
3.9116000000	223.7894000000
3.9291000000	223.7898000000
3.9465000000	223.2955000000
3.9640000000	223.2958000000
3.9814000000	223.2961000000
3.9989000000	222.8018000000
4.0163000000	222.8021000000
4.0338000000	222.3077000000
4.0512000000	221.8134000000
4.0687000000	221.8136000000
4.0861000000	221.8140000000
4.1036000000	221.3197000000
4.1210000000	221.3200000000
4.1385000000	220.8256000000
4.1559000000	220.8260000000
4.1734000000	220.8263000000
4.1908000000	220.3319000000
4.2083000000	220.3323000000
4.2257000000	219.8378000000
4.2432000000	219.8382000000
4.2606000000	219.3439000000
4.2781000000	219.3442000000
4.2955000000	219.3445000000
4.3130000000	218.8502000000
4.3304000000	218.3558000000
4.3479000000	218.3562000000
4.3653000000	217.8618000000
4.3828000000	217.8620000000
4.4002000000	217.8625000000
4.4177000000	217.3681000000
4.4351000000	217.3684000000
4.4526000000	216.8740000000
4.4700000000	216.8744000000
4.4874000000	216.8747000000
4.5049000000	216.8750000000
4.5223000000	216.3807000000
4.5398000000	215.8862000000
4.5572000000	215.8867000000
4.5747000000	215.8870000000
4.5920000000	215.8873000000
4.6096000000	215.3930000000
4.6270000000	214.8986000000
4.6444000000	214.8989000000
4.6619000000	214.8993000000
4.6794000000	214.8996000000
4.6968000000	214.4052000000
4.7143000000	213.9109000000
4.7317000000	213.9112000000
4.7492000000	213.4169000000
4.7666000000	213.4172000000
4.7840000000	213.4175000000
4.8014000000	212.9231000000
4.8189000000	212.9235000000
4.8364000000	212.4291000000
4.8538000000	212.4294000000
4.8713000000	212.4298000000
4.8887000000	211.9354000000
4.9062000000	211.9357000000
4.9236000000	211.4414000000
4.9411000000	211.4417000000
4.9585000000	211.4420000000
4.9760000000	211.4424000000
4.9933000000	210.9480000000
5.0109000000	210.4537000000
5.0283000000	210.4540000000
5.0458000000	210.4543000000
5.0632000000	210.4546000000
5.0807000000	209.9603000000
5.0981000000	209.4659000000
5.1156000000	209.4662000000
5.1330000000	209.4666000000
5.1504000000	209.4668000000
5.1679000000	208.9725000000
5.1854000000	208.4782000000
5.2028000000	208.4785000000
5.2202000000	208.4788000000
5.2377000000	208.4792000000
5.2551000000	207.9848000000
5.2726000000	207.4905000000
5.2900000000	207.4908000000
5.3075000000	206.9964000000
5.3249000000	206.9968000000
5.3424000000	206.9971000000
5.3598000000	206.9973000000
5.3773000000	206.5030000000
5.3947000000	206.5034000000
5.4122000000	206.0090000000
5.4296000000	206.0093000000
5.4471000000	206.0097000000
5.4645000000	206.0100000000
5.4820000000	205.5156000000
5.4994000000	205.0213000000
5.5169000000	205.0216000000
5.5343000000	205.0219000000
5.5516000000	205.0223000000
5.5692000000	204.5279000000
5.5867000000	204.0336000000
5.6040000000	204.0339000000
5.6216000000	203.5394000000
5.6390000000	203.5399000000
5.6564000000	203.5402000000
5.6739000000	203.5405000000
5.6913000000	203.5408000000
5.7088000000	203.0465000000
5.7262000000	202.5521000000
5.7437000000	202.5524000000
5.7610000000	202.5528000000
5.7786000000	202.5531000000
5.7960000000	202.0587000000
5.8135000000	202.0591000000
5.8309000000	201.5647000000
5.8484000000	201.5650000000
5.8658000000	201.0707000000
5.8833000000	201.0710000000
5.9007000000	201.0713000000
5.9182000000	200.5770000000
5.9356000000	200.5773000000
5.9531000000	200.0829000000
5.9705000000	200.0833000000
5.9879000000	200.0836000000
6.0054000000	199.5892000000
6.0228000000	199.5896000000
6.0403000000	199.5899000000
6.0577000000	199.0955000000
6.0752000000	199.0959000000
6.0926000000	199.0962000000
6.1101000000	198.6018000000
6.1275000000	198.6021000000
6.1450000000	198.6025000000
6.1623000000	198.6028000000
6.1799000000	198.1085000000
6.1973000000	197.6141000000
6.2147000000	197.6143000000
6.2322000000	197.6148000000
6.2497000000	197.1204000000
6.2671000000	197.1207000000
6.2845000000	197.1210000000
6.3020000000	196.6267000000
6.3194000000	196.6270000000
6.3369000000	196.6273000000
6.3543000000	196.1330000000
6.3718000000	196.1333000000
6.3892000000	196.1336000000
6.4067000000	195.6393000000
6.4241000000	195.6396000000
6.4416000000	195.6399000000
6.4590000000	195.1456000000
6.4764000000	195.1459000000
6.4939000000	194.6516000000
6.5112000000	194.6519000000
6.5288000000	194.6522000000
6.5462000000	194.6524000000
6.5636000000	194.6528000000
6.5811000000	194.1585000000
6.5986000000	193.6641000000
6.6160000000	193.6644000000
6.6335000000	193.6648000000
6.6509000000	193.1703000000
6.6684000000	193.1708000000
6.6858000000	193.1711000000
6.7032000000	193.1714000000
6.7207000000	192.6771000000
6.7381000000	192.6774000000
6.7556000000	192.1830000000
6.7730000000	192.1834000000
6.7905000000	192.1837000000
6.8079000000	192.1840000000
6.8254000	191.68960000
6.8428000	191.69000000
6.8603000	191.69030000
6.8777000	191.19590000
6.8952000	191.19630000
6.9125000	190.70190000
6.9301000	190.70220000
6.9475000	190.70260000
6.9649000	190.70290000
6.9824000	190.20850000
6.9998000	190.20890000
7.0173000	190.20920000
7.0347000	189.71470000
7.0522000	189.71510000
7.0695000	189.71550000
7.0871000	189.22110000
7.1045000	189.22150000
7.1219000	189.22180000
7.1394000	188.72740000
7.1569000	188.72770000
7.1743000	188.72810000
7.1917000	188.72840000
7.2092000	188.23400000
7.2266000	188.23440000
7.2441000	187.74000000
7.2615000	187.74030000
7.2790000	187.74070000
7.2964000	187.74100000
7.3139000	187.24660000
7.3313000	187.24690000
7.3488000	187.24730000
7.3662000	187.24760000
7.3837000	186.75320000
7.4011000	186.75360000
7.4184000	186.75390000
7.4360000	186.25950000
7.4534000	186.25990000
7.4708000	186.26020000
7.4883000	185.76580000
7.5058000	185.76620000
7.5232000	185.76650000
7.5407000	185.76680000
7.5581000	185.27250000
7.5756000	185.27280000
7.5930000	185.27310000
7.6105000	184.77880000
7.6279000	184.77910000
7.6453000	184.77930000
7.6627000	184.28510000
7.6802000	184.28540000
7.6977000	184.28570000
7.7151000	184.28600000
7.7326000	183.79170000
7.7500000	183.79200000
7.7675000	183.79230000
7.7849000	183.79260000
7.8024000	183.29830000
7.8197000	183.29860000
7.8372000	183.29890000
7.8547000	182.80460000
7.8721000	182.80490000
7.8896000	182.80520000
7.9070000	182.31090000
7.9245000	182.31120000
7.9419000	182.31150000
7.9594000	182.31190000
7.9768000	181.81750000
7.9943000	181.81780000
8.0117000	181.81810000
8.0291000	181.81850000
8.0466000	181.32410000
8.0640000	181.32440000
8.0815000	181.32480000
8.0989000	181.32510000
8.1164000	180.83070000
8.1338000	180.83110000
8.1513000	180.33670000
8.1687000	180.33700000
8.1862000	180.33740000
8.2036000	180.33770000
8.2210000	180.33800000
8.2385000	179.84370000
8.2559000	179.84390000
8.2734000	179.84430000
8.2908000	179.84460000
8.3083000	179.35030000
8.3256000	179.35060000
8.3432000	179.35090000
8.3606000	178.85660000
8.3780000	178.85690000
8.3955000	178.85720000
8.4130000	178.36290000
8.4304000	178.36320000
8.4478000	178.36350000
8.4653000	178.36380000
8.4827000	177.86950000
8.5002000	177.86980000
8.5175000	177.87000000
8.5351000	177.87050000
8.5525000	177.37610000
8.5699000	177.37640000
8.5874000	177.37680000
8.6048000	177.37710000
8.6223000	176.88270000
8.6397000	176.88300000
8.6572000	176.88340000
8.6745000	176.88370000
8.6921000	176.38930000
8.7095000	176.38970000
8.7269000	176.39000000
8.7444000	175.89560000
8.7619000	175.89600000
8.7793000	175.89630000
8.7967000	175.89650000
8.8142000	175.89690000
8.8316000	175.40260000
8.8491000	175.40290000
8.8665000	175.40320000
8.8840000	175.40360000
8.9014000	174.90920000
8.9189000	174.90950000
8.9363000	174.90980000
8.9538000	174.41550000
8.9712000	174.41580000
8.9886000	174.41610000
9.0061000	173.92180000
9.0235000	173.92210000
9.0410000	173.92240000
9.0584000	173.92280000
9.0759000	173.42840000
9.0933000	173.42870000
9.1108000	173.42910000
9.1282000	173.42940000
9.1456000	173.42970000
9.1631000	172.93540000
9.1804000	172.93570000
9.1980000	172.93600000
9.2154000	172.93630000
9.2328000	172.44200000
9.2503000	172.44230000
9.2678000	172.44260000
9.2852000	172.44290000
9.3027000	171.94850000
9.3201000	171.94890000
9.3375000	171.94920000
9.3550000	171.94960000
9.3724000	171.45520000
9.3899000	171.45550000
9.4073000	171.45590000
9.4248000	170.96150000
9.4422000	170.96180000
9.4597000	170.96220000
9.4771000	170.96250000
9.4946000	170.46810000
9.5120000	170.46840000
9.5295000	170.46870000
9.5469000	170.46910000
9.5643000	170.46940000
9.5817000	169.97500000
9.5992000	169.97540000
9.6167000	169.97570000
9.6341000	169.97600000
9.6516000	169.48170000
9.6690000	169.48200000
9.6865000	169.48230000
9.7039000	169.48270000
9.7214000	168.98830000
9.7388000	168.98860000
9.7562000	168.98890000
9.7737000	168.98930000
9.7911000	168.49490000
9.8086000	168.49520000
9.8260000	168.49560000
9.8435000	168.00120000
9.8609000	168.00150000
9.8784000	168.00190000
9.8958000	168.00220000
9.9132000	168.00250000
9.9306000	167.50820000
9.9481000	167.50850000
9.9656000	167.50880000
9.9830000	167.50910000
10.0005000	167.01480000
10.0179000	167.01510000
10.0354000	167.01540000
10.0528000	167.01580000
10.0703000	166.52130000
10.0877000	166.52170000
10.1051000	166.52200000
10.1226000	166.52240000
10.1400000	166.02800000
10.1575000	166.02830000
10.1749000	166.02870000
10.1924000	166.02900000
10.2098000	165.53460000
10.2273000	165.53500000
10.2447000	165.53520000
10.2622000	165.04090000
10.2796000	165.04130000
10.2970000	165.04160000
10.3145000	165.04190000
10.3319000	165.04220000
10.3494000	164.54790000
10.3668000	164.54820000
10.3843000	164.54850000
10.4017000	164.54880000
10.4192000	164.05450000
10.4365000	164.05480000
10.4540000	164.05510000
10.4715000	164.05550000
10.4889000	163.56110000
10.5064000	163.56140000
10.5238000	163.56170000
10.5413000	163.56210000
10.5587000	163.56240000
10.5762000	163.06810000
10.5936000	163.06840000
10.6110000	163.06870000
10.6284000	163.06900000
10.6459000	162.57470000
10.6634000	162.57500000
10.6808000	162.57530000
10.6983000	162.08100000
10.7157000	162.08130000
10.7332000	162.08160000
10.7506000	162.08190000
10.7680000	162.08230000
10.7854000	162.08260000
10.8029000	161.58820000
10.8204000	161.58860000
10.8378000	161.09420000
10.8553000	161.09450000
10.8727000	161.09490000
10.8902000	161.09520000
10.9076000	160.60080000
10.9251000	160.60120000
10.9425000	160.60150000
10.9599000	160.60180000
10.9774000	160.60210000
10.9948000	160.10780000
11.0123000	160.10810000
11.0297000	160.10840000
11.0472000	160.10870000
11.0646000	160.10910000
11.0821000	159.61470000
11.0995000	159.61500000
11.1169000	159.61540000
11.1344000	159.61570000
11.1518000	159.61600000
11.1693000	159.12170000
11.1867000	159.12190000
11.2042000	159.12230000
11.2216000	159.12260000
11.2389000	159.12300000
11.2565000	158.62860000
11.2739000	158.62890000
11.2913000	158.62920000
11.3088000	158.62960000
11.3263000	158.62990000
11.3437000	158.13550000
11.3612000	158.13590000
11.3786000	158.13620000
11.3960000	158.13650000
11.4135000	157.64210000
11.4309000	157.64250000
11.4484000	157.64280000
11.4658000	157.64310000
11.4833000	157.64350000
11.5007000	157.14910000
11.5182000	157.14940000
11.5356000	157.14980000
11.5530000	157.15010000
11.5705000	157.15040000
11.5878000	156.65600000
11.6054000	156.65640000
11.6228000	156.65660000
11.6402000	156.65700000
11.6577000	156.65730000
11.6752000	156.16300000
11.6926000	156.16330000
11.7100000	156.16360000
11.7275000	156.16400000
11.7449000	156.16430000
11.7624000	155.66990000
11.7798000	155.67030000
11.7973000	155.67050000
11.8147000	155.67090000
11.8321000	155.67120000
11.8496000	155.17690000
11.8670000	155.17720000
11.8845000	155.17750000
11.9019000	155.17780000
11.9194000	155.17820000
11.9367000	155.17850000
11.9542000	155.17880000
11.9717000	154.68440000
11.9891000	154.68480000
12.0066000	154.68510000
12.0240000	154.68540000
12.0415000	154.68580000
12.0589000	154.19140000
12.0764000	154.19170000
12.0937000	154.19210000
12.1112000	154.19240000
12.1287000	154.19270000
12.1461000	153.69830000
12.1636000	153.69870000
12.1810000	153.69890000
12.1985000	153.69930000
12.2159000	153.69960000
12.2334000	153.20530000
12.2508000	153.20560000
12.2683000	153.20590000
12.2857000	153.20630000
12.3031000	153.20660000
12.3206000	152.71220000
12.3380000	152.71260000
12.3555000	152.71280000
12.3729000	152.71320000
12.3904000	152.71350000
12.4078000	152.71390000
12.4253000	152.21950000
12.4426000	152.21980000
12.4601000	152.22010000
12.4776000	152.22050000
12.4950000	152.22080000
12.5125000	151.72640000
12.5299000	151.72680000
12.5474000	151.72710000
12.5648000	151.72740000
12.5822000	151.72770000
12.5997000	151.23340000
12.6171000	151.23370000
12.6346000	151.23400000
12.6520000	151.23440000
12.6695000	151.23470000
12.6869000	150.74030000
12.7044000	150.74070000
12.7218000	150.74100000
12.7391000	150.74120000
12.7567000	150.74160000
12.7741000	150.74190000
12.7915000	150.24760000
12.8090000	150.24790000
12.8265000	150.24820000
12.8439000	150.24860000
12.8613000	150.24890000
12.8788000	150.24920000
12.8961000	149.75490000
12.9137000	149.75510000
12.9311000	149.75550000
12.9485000	149.75580000
12.9660000	149.75620000
12.9834000	149.75650000
13.0009000	149.26210000
13.0183000	149.26240000
13.0358000	149.26280000
13.0532000	149.26310000
13.0707000	149.26340000
13.0881000	148.76910000
13.1056000	148.76940000
13.1230000	148.76970000
13.1404000	148.77000000
13.1579000	148.77040000
13.1753000	148.27600000
13.1928000	148.27630000
13.2102000	148.27670000
13.2277000	148.27700000
13.2451000	148.27720000
13.2626000	147.78300000
13.2800000	147.78330000
13.2974000	147.78350000
13.3149000	147.78390000
13.3323000	147.78420000
13.3498000	147.78460000
13.3672000	147.78490000
13.3847000	147.29050000
13.4021000	147.29090000
13.4195000	147.29120000
13.4370000	147.29150000
13.4544000	147.29180000
13.4719000	147.29220000
13.4893000	146.79780000
13.5068000	146.79810000
13.5242000	146.79850000
13.5415000	146.79880000
13.5591000	146.79910000
13.5765000	146.79930000
13.5939000	146.30510000
13.6114000	146.30540000
13.6289000	146.30570000
13.6463000	146.30600000
13.6637000	146.30640000
13.6812000	145.81200000
13.6985000	145.81230000
13.7161000	145.81270000
13.7335000	145.81300000
13.7510000	145.81330000
13.7684000	145.81360000
13.7859000	145.31930000
13.8033000	145.31950000
13.8207000	145.31990000
13.8382000	145.32030000
13.8556000	145.32060000
13.8731000	145.32090000
13.8904000	145.32120000
13.9080000	144.82690000
13.9254000	144.82720000
13.9428000	144.82750000
13.9603000	144.82770000
13.9777000	144.82820000
13.9952000	144.82850000
14.0126000	144.82880000
14.0301000	144.33450000
14.0475000	144.33480000
14.0650000	144.33510000
14.0824000	144.33540000
14.0998000	144.33570000
14.1173000	143.84140000
14.1347000	143.84170000
14.1522000	143.84200000
14.1696000	143.84240000
14.1871000	143.84270000
14.2045000	143.84300000
14.2219000	143.84330000
14.2394000	143.34900000
14.2568000	143.34930000
14.2743000	143.34960000
14.2917000	143.35000000
14.3092000	143.35030000
14.3266000	143.35060000
14.3441000	142.85630000
14.3615000	142.85660000
14.3789000	142.85690000
14.3963000	142.85720000
14.4138000	142.85760000
14.4313000	142.85780000
14.4487000	142.36350000
14.4662000	142.36390000
14.4836000	142.36420000
14.5010000	142.36450000
14.5185000	142.36480000
14.5359000	142.36510000
14.5534000	141.87080000
14.5708000	141.87110000
14.5883000	141.87140000
14.6057000	141.87180000
14.6231000	141.87210000
14.6406000	141.87230000
14.6580000	141.87270000
14.6755000	141.37840000
14.6928000	141.37870000
14.7104000	141.37900000
14.7278000	141.37940000
14.7452000	141.37970000
14.7627000	141.38000000
14.7801000	141.38030000
14.7976000	140.88600000
14.8150000	140.88620000
14.8325000	140.88660000
14.8498000	140.88690000
14.8673000	140.88730000
14.8848000	140.39290000
14.9022000	140.39320000
14.9197000	140.39360000
14.9371000	140.39390000
14.9546000	140.39420000
14.9720000	140.39450000
14.9893000	140.39490000
15.0069000	140.39520000
15.0243000	139.90080000
15.0418000	139.90120000
15.0592000	139.90150000
15.0767000	139.90180000
15.0941000	139.90210000
15.1116000	139.90240000
15.1290000	139.40810000
15.1464000	139.40830000
15.1639000	139.40870000
15.1813000	139.40910000
15.1988000	139.40940000
15.2162000	139.40970000
15.2337000	138.91540000
15.2511000	138.91570000
15.2686000	138.91600000
15.2860000	138.91630000
15.3034000	138.91670000
15.3209000	138.91700000
15.3383000	138.91730000
15.3558000	138.91760000
15.3732000	138.42330000
15.3907000	138.42360000
15.4081000	138.42390000
15.4255000	138.42420000
15.4430000	138.42450000
15.4604000	138.42490000
15.4779000	137.93040000
15.4953000	137.93080000
15.5128000	137.93120000
15.5302000	137.93150000
15.5476000	137.93180000
15.5651000	137.93220000
15.5825000	137.93250000
15.6000000	137.43810000
15.6174000	137.43850000
15.6349000	137.43880000
15.6522000	137.43910000
15.6697000	137.43940000
15.6872000	137.43970000
15.7046000	136.94540000
15.7221000	136.94570000
15.7395000	136.94600000
15.7570000	136.94640000
15.7744000	136.94660000
15.7917000	136.94700000
15.8093000	136.45270000
15.8267000	136.45300000
15.8441000	136.45330000
15.8616000	136.45360000
15.8791000	136.45400000
15.8965000	136.45430000
15.9139000	136.45460000
15.9314000	136.45490000
15.9487000	135.96060000
15.9663000	135.96090000
15.9837000	135.96120000
16.0012000	135.96150000
16.0186000	135.96190000
16.0360000	135.96220000
16.0535000	135.96250000
16.0709000	135.46820000
16.0884000	135.46850000
16.1058000	135.46870000
16.1233000	135.46910000
16.1407000	135.46950000
16.1582000	134.97500000
16.1756000	134.97540000
16.1930000	134.97580000
16.2105000	134.97610000
16.2279000	134.97640000
16.2454000	134.97670000
16.2628000	134.97690000
16.2802000	134.97740000
16.2977000	134.48300000
16.3151000	134.48330000
16.3326000	134.48370000
16.3500000	134.48400000
16.3675000	134.48430000
16.3849000	134.48460000
16.4024000	133.99030000
16.4198000	133.99060000
16.4373000	133.99090000
16.4546000	133.99120000
16.4721000	133.99160000
16.4896000	133.99190000
16.5070000	133.99220000
16.5245000	133.99260000
16.5419000	133.49820000
16.5594000	133.49850000
16.5768000	133.49880000
16.5941000	133.49920000
16.6117000	133.49950000
16.6291000	133.49980000
16.6465000	133.00550000
16.6640000	133.00580000
16.6815000	133.00610000
16.6989000	133.00640000
16.7163000	133.00680000
16.7338000	133.00710000
16.7511000	132.51270000
16.7687000	132.51310000
16.7861000	132.51330000
16.8035000	132.51370000
16.8210000	132.51400000
16.8384000	132.51440000
16.8559000	132.51470000
16.8733000	132.51500000
16.8908000	132.02060000
16.9082000	132.02100000
16.9257000	132.02130000
16.9431000	132.02160000
16.9605000	132.02190000
16.9780000	132.02230000
16.9954000	131.52790000
17.0129000	131.52820000
17.0303000	131.52860000
17.0478000	131.52890000
17.0652000	131.52920000
17.0826000	131.52950000
17.1001000	131.52990000
17.1175000	131.53020000
17.1350000	131.53050000
17.1524000	131.03610000
17.1699000	131.03650000
17.1873000	131.03680000
17.2046000	131.03710000
17.2222000	131.03740000
17.2396000	131.03780000
17.2570000	131.03810000
17.2745000	131.03840000
17.2919000	131.03870000
17.3094000	130.54440000
17.3268000	130.54470000
17.3443000	130.54500000
17.3617000	130.54530000
17.3792000	130.54570000
17.3966000	130.54600000
17.4140000	130.54630000
17.4315000	130.54670000
17.4489000	130.05230000
17.4664000	130.05260000
17.4838000	130.05290000
17.5013000	130.05330000
17.5187000	130.05360000
17.5362000	130.05390000
17.5535000	130.05420000
17.5711000	129.55980000
17.5885000	129.56020000
17.6059000	129.56050000
17.6234000	129.56090000
17.6408000	129.56120000
17.6583000	129.56150000
17.6757000	129.56170000
17.6931000	129.56220000
17.7106000	129.56250000
17.7280000	129.06810000
17.7455000	129.06840000
17.7629000	129.06880000
17.7804000	129.06910000
17.7978000	129.06940000
17.8152000	129.06970000
17.8327000	129.07010000
17.8500000	129.07040000
17.8676000	129.07070000
17.8850000	128.57640000
17.9024000	128.57670000
17.9199000	128.57700000
17.9373000	128.57730000
17.9548000	128.57770000
17.9722000	128.57790000
17.9897000	128.57830000
18.0071000	128.57860000
18.0245000	128.57900000
18.0420000	128.08460000
18.0594000	128.08490000
18.0769000	128.08520000
18.0943000	128.08560000
18.1118000	128.08590000
18.1292000	128.08620000
18.1466000	128.08650000
18.1641000	128.08690000
18.1815000	128.08720000
18.1990000	127.59280000
18.2164000	127.59320000
18.2339000	127.59350000
18.2513000	127.59370000
18.2687000	127.59410000
18.2862000	127.59450000
18.3035000	127.59480000
18.3211000	127.59510000
18.3385000	127.59540000
18.3559000	127.10110000
18.3734000	127.10140000
18.3908000	127.10170000
18.4083000	127.10200000
18.4257000	127.10240000
18.4432000	127.10270000
18.4606000	127.10300000
18.4781000	126.60870000
18.4955000	126.60900000
18.5129000	126.60930000
18.5304000	126.60960000
18.5478000	126.60990000
18.5653000	126.61030000
18.5827000	126.61060000
18.6002000	126.61090000
18.6176000	126.61130000
18.6350000	126.61160000
18.6524000	126.61180000
18.6699000	126.61220000
18.6874000	126.11790000
18.7048000	126.11820000
18.7223000	126.11850000
18.7397000	126.11880000
18.7570000	126.11920000
18.7746000	126.11950000
18.7920000	126.11980000
18.8094000	126.12010000
18.8269000	126.12050000
18.8443000	126.12080000
18.8618000	125.62630000
18.8792000	125.62680000
18.8967000	125.62710000
18.9141000	125.62740000
18.9316000	125.62770000
18.9489000	125.62800000
18.9664000	125.62840000
18.9839000	125.62870000
19.0013000	125.62900000
19.0188000	125.62930000
19.0362000	125.13500000
19.0537000	125.13530000
19.0711000	125.13560000
19.0885000	125.13600000
19.1060000	125.13630000
19.1234000	125.13660000
19.1409000	125.13690000
19.1583000	125.13730000
19.1757000	125.13760000
19.1932000	125.13790000
19.2106000	125.13810000
19.2281000	124.64390000
19.2455000	124.64420000
19.2630000	124.64440000
19.2804000	124.64480000
19.2978000	124.64520000
19.3153000	124.64550000
19.3327000	124.64580000
19.3502000	124.64610000
19.3676000	124.64650000
19.3851000	124.64680000
19.4025000	124.64710000
19.4199000	124.15280000
19.4374000	124.15310000
19.4548000	124.15340000
19.4723000	124.15370000
19.4897000	124.15410000
19.5072000	124.15440000
19.5246000	124.15470000
19.5420000	124.15500000
19.5594000	124.15530000
19.5769000	124.15570000
19.5944000	123.66130000
19.6118000	123.66160000
19.6293000	123.66200000
19.6467000	123.66230000
19.6641000	123.66250000
19.6816000	123.66290000
19.6989000	123.66330000
19.7165000	123.66360000
19.7339000	123.66390000
19.7513000	123.66420000
19.7688000	123.66460000
19.7862000	123.66490000
19.8037000	123.17050000
19.8211000	123.17080000
19.8386000	123.17120000
19.8559000	123.17150000
19.8734000	123.17180000
19.8909000	123.17210000
19.9083000	123.17240000
19.9258000	123.17280000
19.9432000	123.17310000
19.9606000	123.17340000
19.9781000	123.17380000
19.9955000	123.17410000
20.0604000	121.83070000
20.6881000	120.35040000
20.7927000	119.85680000
20.8974000	119.36330000
21.0019000	119.36340000
21.8389000	116.89600000
21.9436000	116.40240000
22.0481000	116.40250000
22.1528000	115.90900000
22.9896000	113.93520000
25.0817000	108.50770000
25.8138000	107.02680000
25.9184000	107.02670000
26.0231000	106.53330000
26.9643000	105.05340000
27.0689000	104.55980000
27.1735000	104.56000000
27.2780000	104.56010000
27.3827000	104.06660000
27.4872000	104.06670000
27.5918000	103.57310000
27.6964000	103.57320000
27.8009000	103.57330000
27.9056000	103.07980000
28.0101000	103.07990000
28.1148000	102.58630000
28.2193000	102.58640000
28.3239000	102.58660000
28.4285000	102.09300000
28.5331000	102.09310000
28.6376000	102.09320000
28.7423000	101.59970000
28.8468000	101.59980000
28.9515000	101.10620000
29.0560000	101.10630000
29.1605000	101.10640000
29.2651000	101.10650000
29.3696000	101.10670000
29.4743000	100.61310000
29.5788000	100.61320000
29.5789000	100.11960000
29.6835000	100.11970000
29.7880000	100.11980000
29.8927000	99.62610000
29.9971000	99.62630000
30.1017000	99.62630000
30.2063000	99.62650000
30.3109000	99.13300000
30.4155000	99.13310000
30.4156000	98.63940000
30.5201000	98.63950000
30.6247000	98.63970000
30.7292000	98.63980000
30.8338000	98.14610000
30.9384000	98.14630000
31.0429000	98.14640000
31.1476000	97.65290000
31.2521000	97.65300000
31.3567000	97.65310000
31.4613000	97.15950000
31.5659000	97.15960000
31.6703000	97.15980000
31.7751000	96.66620000
31.8796000	96.66630000
31.9841000	96.66630000
32.0887000	96.66650000
32.1933000	96.17300000
32.2979000	96.17310000
32.4025000	95.67950000
32.5070000	95.67960000
32.6116000	95.67980000
32.7163000	95.18620000
32.8208000	95.18630000
32.9253000	95.18640000
33.0299000	95.18650000
33.1345000	94.69300000
33.2391000	94.69310000
33.3436000	94.69320000
33.4483000	94.19960000
33.5528000	94.19970000
33.6575000	93.70620000
33.7620000	93.70630000
33.8665000	93.70640000
33.9710000	93.70650000
34.0757000	93.21300000
34.1803000	93.21310000
34.2848000	93.21320000
34.3895000	92.71960000
34.4940000	92.71970000
34.5985000	92.71980000
34.7029000	92.72000000
34.8077000	92.22640000
34.9122000	92.22650000
35.0168000	92.22660000
35.1214000	91.73300000
35.2260000	91.73320000
35.3305000	91.73320000
35.4350000	91.73340000
35.5396000	91.23980000
35.6442000	91.23990000
35.7488000	91.24010000
35.8533000	91.24020000
35.9580000	90.74660000
36.0625000	90.74670000
36.1670000	90.74680000
36.2716000	90.74690000
36.3761000	90.25340000
36.4808000	90.25350000
36.5853000	90.25360000
36.6900000	89.76010000
36.7945000	89.76020000
36.8990000	89.76030000
37.0037000	89.26670000
37.1082000	89.26680000
37.2128000	89.26690000
37.3173000	89.26700000
37.4220000	88.77340000
37.5265000	88.77360000
37.6310000	88.77370000
37.7355000	88.77380000
37.8401000	88.77390000
37.9447000	88.28040000
38.0493000	88.28050000
38.1538000	88.28060000
38.2585000	87.78700000
38.3630000	87.78710000
38.4675000	87.78720000
38.5721000	87.78730000
38.6766000	87.29380000
38.7812000	87.29390000
38.8858000	87.29400000
38.9903000	87.29410000
39.0950000	86.80060000
39.1995000	86.80070000
39.3041000	86.80080000
39.4087000	86.30720000
39.5133000	86.30730000
39.6178000	86.30750000
39.7223000	86.30750000
39.8270000	85.81400000
39.9315000	85.81410000
40.0361000	85.81420000
40.1406000	85.81430000
40.2451000	85.81440000
40.3498000	85.32090000
40.4543000	85.32100000
40.5588000	85.32110000
40.6634000	85.32120000
40.7681000	84.82770000
40.8726000	84.82770000
40.9771000	84.82790000
41.0816000	84.82790000
41.1862000	84.82810000
41.2908000	84.33450000
41.3954000	84.33470000
41.4999000	84.33480000
41.6044000	84.33490000
41.7090000	83.84130000
41.8136000	83.84140000
41.9182000	83.84150000
42.0227000	83.84160000
42.1272000	83.84170000
42.2319000	83.34820000
42.3364000	83.34830000
42.4410000	83.34840000
42.5455000	83.34850000
42.6500000	83.34860000
42.7547000	82.85510000
42.8592000	82.85520000
42.9637000	82.85530000
43.0683000	82.85540000
43.1728000	82.85550000
43.2775000	82.36200000
43.3820000	82.36200000
43.4865000	82.36220000
43.5911000	82.36230000
43.6957000	81.86870000
43.8003000	81.86880000
43.9048000	81.86890000
44.0093000	81.86910000
44.1139000	81.86920000
44.2185000	81.37560000
44.3231000	81.37570000
44.4276000	81.37580000
44.5321000	81.37590000
44.6367000	81.37600000
44.7412000	80.88240000
44.8458000	80.88260000
44.9504000	80.88270000
45.0549000	80.88280000
45.1594000	80.88290000
45.2641000	80.38940000
45.3686000	80.38950000
45.4732000	80.38960000
45.5777000	80.38970000
45.6822000	80.38980000
45.7869000	79.89610000
45.8914000	79.89630000
45.9960000	79.89650000
46.1005000	79.89650000
46.2050000	79.89670000
46.3096000	79.89680000
46.4141000	79.89690000
46.5188000	79.40330000
46.6233000	79.40350000
46.7278000	79.40360000
46.8323000	79.40370000
46.9369000	79.40380000
47.0415000	78.91020000
47.1461000	78.91020000
47.2506000	78.91040000
47.3551000	78.91040000
47.4597000	78.91060000
47.5642000	78.91080000
47.6689000	78.41720000
47.7734000	78.41730000
47.8779000	78.41740000
47.9825000	78.41750000
48.0870000	78.41760000
48.1915000	78.41770000
48.2962000	77.92420000
48.4007000	77.92430000
48.5051000	77.92430000
48.6098000	77.92450000
48.7143000	77.92450000
48.8190000	77.43110000
48.9235000	77.43120000
49.0280000	77.43130000
49.1326000	77.43140000
49.2371000	77.43150000
49.3416000	77.43160000
49.4462000	77.43170000
49.5508000	76.93820000
49.6554000	76.93830000
49.7599000	76.93840000
49.8643000	76.93850000
49.9689000	76.93860000
50.0735000	76.93860000
50.1782000	76.44520000
50.2827000	76.44530000
50.3872000	76.44540000
50.4917000	76.44550000
50.5963000	76.44560000
50.7008000	76.44570000
50.8054000	75.95210000
50.9100000	75.95230000
51.0145000	75.95240000
51.1191000	75.95250000
51.2236000	75.95260000
51.3283000	75.45900000
51.4328000	75.45910000
51.5373000	75.45920000
51.6419000	75.45940000
51.7464000	75.45950000
51.8509000	75.45960000
51.9554000	75.45970000
52.0601000	74.96610000
52.1646000	74.96620000
52.2692000	74.96630000
52.3737000	74.96640000
52.4782000	74.96660000
52.5828000	74.96670000
52.6874000	74.47310000
52.7920000	74.47320000
52.8965000	74.47330000
53.0010000	74.47340000
53.1057000	73.97990000
53.2102000	73.98000000
53.3148000	73.98010000
53.4193000	73.98020000
53.5238000	73.98030000
53.6282000	73.98040000
53.7330000	73.48680000
53.8375000	73.48700000
53.9421000	73.48700000
54.0466000	73.48720000
54.1511000	73.48730000
54.2557000	73.48740000
54.3603000	72.99390000
54.4649000	72.99400000
54.5694000	72.99410000
54.6739000	72.99420000
54.7785000	72.99430000
54.8830000	72.99440000
54.9875000	72.99450000
55.0920000	72.99460000
55.1967000	72.50110000
55.3012000	72.50110000
55.4058000	72.50130000
55.5103000	72.50130000
55.6148000	72.50150000
55.7194000	72.50160000
55.8239000	72.00800000
55.9285000	72.00820000
56.0331000	72.00830000
56.1376000	72.00840000
56.2422000	72.00850000
56.3467000	72.00860000
56.4512000	72.00870000
56.5556000	72.00880000
56.6602000	72.00890000
56.7649000	71.51540000
56.8695000	71.51540000
56.9740000	71.51560000
57.0785000	71.51570000
57.1831000	71.51580000
57.2876000	71.51590000
57.3923000	71.02230000
57.4968000	71.02250000
57.6013000	71.02260000
57.7059000	71.02270000
57.8104000	71.02280000
57.9149000	71.02290000
58.0194000	71.02300000
58.1240000	71.02310000
58.2286000	70.52950000
58.3332000	70.52970000
58.4377000	70.52980000
58.5422000	70.52990000
58.6468000	70.53000000
58.7513000	70.53010000
58.8558000	70.53020000
58.9605000	70.03660000
59.0650000	70.03670000
59.1696000	70.03690000
59.2741000	70.03700000
59.3786000	70.03710000
59.4830000	70.03720000
59.5877000	70.03730000
59.6922000	70.03740000
59.7969000	69.54380000
59.9014000	69.54400000
60.0059000	69.54410000
60.1105000	69.54420000
60.2150000	69.54430000
60.3195000	69.54440000
60.4241000	69.54450000
60.5287000	69.05090000
60.6333000	69.05100000
60.7378000	69.05120000
60.8423000	69.05130000
60.9468000	69.05140000
61.0514000	69.05150000
61.1559000	69.05160000
61.2604000	69.05170000
61.3650000	69.05180000
61.4696000	68.55820000
61.5742000	68.55840000
61.6787000	68.55850000
61.7832000	68.55860000
61.8878000	68.55870000
61.9923000	68.55880000
62.0968000	68.55890000
62.2013000	68.55900000
62.3059000	68.55910000
62.4106000	68.06560000
62.5151000	68.06570000
62.6196000	68.06580000
62.7241000	68.06590000
62.8287000	68.06600000
62.9332000	68.06610000
63.0377000	68.06620000
63.1423000	68.06630000
63.2469000	67.57280000
63.3515000	67.57290000
63.4560000	67.57300000
63.5605000	67.57310000
63.6650000	67.57320000
63.7696000	67.57330000
63.8740000	67.57340000
63.9786000	67.57350000
64.0833000	67.08000000
64.1878000	67.08010000
64.2924000	67.08020000
64.3969000	67.08030000
64.5013000	67.08040000
64.6059000	67.08050000
64.7105000	67.08060000
64.8150000	67.08070000
64.9195000	67.08080000
65.0242000	66.58730000
65.1287000	66.58740000
65.2333000	66.58750000
65.3378000	66.58760000
65.4423000	66.58770000
65.5469000	66.58780000
65.6514000	66.58780000
65.7559000	66.58800000
65.8605000	66.58800000
65.9649000	66.58820000
66.0697000	66.09470000
66.1742000	66.09480000
66.2787000	66.09490000
66.3832000	66.09500000
66.4878000	66.09510000
66.5923000	66.09520000
66.6968000	66.09530000
66.8014000	66.09540000
66.9059000	66.09550000
67.0104000	66.09570000
67.1151000	65.60210000
67.2196000	65.6021
67.3242000	65.6023
67.4287000	65.6024
67.5332000	65.6025
67.6377000	65.6026
67.7423000	65.6028
67.8468000	65.6029
67.9513000	65.603
68.0559000	65.6031
68.1605000	65.1095
68.2651000	65.1096
68.3696000	65.1097
68.4741000	65.1098
68.5787000	65.11
68.6832000	65.1101
68.7877000	65.1102
68.8921000	65.1103
68.9968000	65.1104
69.1013000	65.1105
69.2058000	65.1106
69.3104000	65.1107
69.4150000	64.6172
69.5196000	64.6173
69.6240000	64.6174
69.7286000	64.6175
69.8332000	64.6176
69.9377000	64.6177
70.0422000	64.6178
70.1467000	64.6179
70.2513000	64.6179
70.3558000	64.6181
70.4603000	64.6181
70.5650000	64.1247
70.6695000	64.1248
70.7741000	64.1249
70.8786000	64.125
70.9830000	64.1251
71.0877000	64.1252
71.1922000	64.1253
71.2967000	64.1254
71.4012000	64.1255
71.5058000	64.1256
71.6104000	63.632
71.7149000	63.6322
71.8195000	63.6322
71.9240000	63.6324
72.0286000	63.6324
72.1331000	63.6326
72.2376000	63.6327
72.3422000	63.6329
72.4466000	63.633
72.5512000	63.6331
72.6557000	63.6332
72.7604000	63.1396
72.8649000	63.1397
72.9695000	63.1398
73.0740000	63.1399
73.1785000	63.1401
73.2831000	63.1402
73.3876000	63.1403
73.4921000	63.1404
73.5966000	63.1405
73.7012000	63.1406
73.8056000	63.1407
73.9102000	63.1408
74.0149000	62.6473
74.1194000	62.6474
74.2240000	62.6475
74.3285000	62.6476
74.4330000	62.6477
74.5375000	62.6478
74.6421000	62.6479
74.7466000	62.648
74.8511000	62.6481
74.9557000	62.6482
75.0602000	62.6482
75.1649000	62.1548
75.2694000	62.1549
75.3739000	62.155
75.4785000	62.1551
75.5830000	62.1552
75.6875000	62.1553
75.7921000	62.1554
75.8965000	62.1555
76.0011000	62.1556
76.1056000	62.1557
76.2103000	61.6622
76.3148000	61.6623
76.4194000	61.6623
76.5239000	61.6625
76.6284000	61.6625
76.7330000	61.6627
76.8375000	61.6627
76.9420000	61.663
77.0467000	61.1694
77.1512000	61.1695
77.2558000	61.1696
77.3603000	61.1697
77.4647000	61.1698
77.5693000	61.1699
77.6739000	61.17
77.7784000	61.1702
77.8829000	61.1703
77.9875000	61.1703
78.0920000	61.1705
78.1965000	61.1706
78.3011000	61.1707
78.4056000	61.1708
78.5103000	60.6772
78.6148000	60.6774
78.7193000	60.6775
78.8237000	60.6776
78.9284000	60.6777
79.0329000	60.6778
79.1374000	60.6779
79.2420000	60.678
79.3465000	60.6781
79.4510000	60.6782
79.5556000	60.1847
79.6602000	60.1848
79.7648000	60.1849
79.8693000	60.185
79.9738000	60.1851
80.0783000	60.1852
80.1829000	60.1853
80.2873000	60.1854
80.3919000	60.1855
80.4965000	60.1856
80.6010000	60.1857
80.7055000	60.1858
80.8101000	60.186
80.9146000	60.1861
81.0193000	59.6925
81.1238000	59.6926
81.2283000	59.6926
81.3328000	59.6928
81.4374000	59.6928
81.5419000	59.693
81.6463000	59.6932
81.7510000	59.6933
81.8555000	59.6934
81.9600000	59.6935
82.0645000	59.6936
82.1691000	59.6937
82.2736000	59.6938
82.3783000	59.2003
82.4828000	59.2004
82.5873000	59.2005
82.6919000	59.2006
82.7964000	59.2006
82.9009000	59.2008
83.0055000	59.2009
83.1100000	59.201
83.2145000	59.2011
83.3190000	59.2012
83.4236000	59.2013
83.5282000	58.7078
83.6328000	58.7079
83.7372000	58.708
83.8418000	58.7081
83.9464000	58.7082
84.0509000	58.7083
84.1554000	58.7084
84.2600000	58.7085
84.3645000	58.7086
84.4689000	58.7086
84.5735000	58.7088
84.6781000	58.709
84.7826000	58.709
84.8871000	58.7092
84.9917000	58.7093
85.0963000	58.2157
85.2009000	58.2158
85.3054000	58.2159
85.4099000	58.2161
85.5145000	58.2162
85.6190000	58.2163
85.7235000	58.2164
85.8279000	58.2165
85.9325000	58.2166
86.0371000	58.2167
86.1416000	58.2168
86.2462000	58.2169
86.3507000	58.217
86.4552000	58.2171
86.5598000	57.7236
86.6644000	57.7237
86.7690000	57.7238
86.8735000	57.7239
86.9780000	57.724
87.0825000	57.7241
87.1871000	57.7242
87.2916000	57.7243
87.3961000	57.7244
87.5007000	57.7245
87.6052000	57.7247
87.7097000	57.7248
87.8142000	57.7248
87.9188000	57.725
88.0235000	57.2314
88.1280000	57.2315
88.2325000	57.2316
88.3370000	57.2317
88.4416000	57.2319
88.5461000	57.232
88.6505000	57.2321
88.7551000	57.2322
88.8597000	57.2323
88.9642000	57.2324
89.0687000	57.2325
89.1733000	57.2326
89.2778000	57.2327
89.3822000	57.2328
89.4870000	56.7393
89.5915000	56.7393
89.6961000	56.7395
89.8006000	56.7396
89.9051000	56.7397
90.0097000	56.7398
90.1142000	56.7399
90.2187000	56.74
90.3232000	56.7401
90.4278000	56.7402
90.5323000	56.7403
90.6368000	56.7405
90.7414000	56.7406
90.8458000	56.7407
90.9504000	56.7408
91.0551000	56.2472
91.1596000	56.2473
91.2642000	56.2474
91.3687000	56.2476
91.4732000	56.2477
91.5777000	56.2478
91.6823000	56.2479
91.7868000	56.248
91.8913000	56.2481
91.9959000	56.2482
92.1004000	56.2483
92.2049000	56.2484
92.3094000	56.2485
92.4140000	56.2486
92.5185000	56.2487
92.6232000	55.7551
92.7277000	55.7553
92.8322000	55.7553
92.9367000	55.7555
93.0413000	55.7556
93.1458000	55.7557
93.2504000	55.7558
93.3549000	55.7559
93.4594000	55.756
93.5640000	55.7562
93.6684000	55.7563
93.7730000	55.7564
93.8775000	55.7565
93.9821000	55.7566
94.0866000	55.7567
94.1913000	55.2631
94.2958000	55.2631
94.4003000	55.2634
94.5049000	55.2635
94.6094000	55.2636
94.7139000	55.2637
94.8184000	55.2638
94.9230000	55.2639
95.0275000	55.264
95.1320000	55.2641
95.2366000	55.2642
95.3411000	55.2643
95.4456000	55.2644
95.5502000	55.2645
95.6547000	55.2646
95.7593000	54.7711
95.8639000	54.7711
95.9684000	54.7713
96.0729000	54.7713
96.1775000	54.7715
96.2820000	54.7715
96.3865000	54.7717
96.4910000	54.7718
96.5956000	54.772
96.7001000	54.7721
96.8047000	54.7722
96.9092000	54.7723
97.0137000	54.7724
97.1182000	54.7725
97.2227000	54.7726
97.3273000	54.7727
97.4318000	54.7728
97.5364000	54.7729
97.6410000	54.2793
97.7456000	54.2795
97.8500000	54.2796
97.9546000	54.2797
98.0592000	54.2798
98.1637000	54.2799
98.2682000	54.28
98.3727000	54.2801
98.4773000	54.2802
98.5817000	54.2803
98.6863000	54.2804
98.7909000	54.2806
98.8954000	54.2807
98.9999000	54.2808
99.1044000	54.2809
99.2090000	54.281
99.3136000	53.7873
99.4182000	53.7875
99.5227000	53.7875
99.6272000	53.7877
99.7318000	53.7879
99.8363000	53.788
99.9407000	53.7881
100.0454000	53.7882
100.1499000	53.7883
100.2544000	53.7884
100.3589000	53.7885
100.4635000	53.7886
100.5680000	53.7887
100.6724000	53.7888
100.7771000	53.7889
100.8816000	53.789
100.9861000	53.7892
101.0907000	53.7893
101.1953000	53.2957
101.2999000	53.2958
101.4043000	53.2959
101.5089000	53.296
101.6134000	53.2961
101.7180000	53.2962
101.8225000	53.2964
101.9270000	53.2965
102.0316000	53.2966
102.1360000	53.2967
102.2406000	53.2968
102.3452000	53.2969
102.4497000	53.297
102.5542000	53.2971
102.6587000	53.2972
102.7633000	52.8037
102.8679000	52.8037
102.9725000	52.8039
103.0770000	52.804
103.1815000	52.8041
103.2861000	52.8042
103.3906000	52.8043
103.4950000	52.8044
103.5997000	52.8045
103.7042000	52.8046
103.8087000	52.8047
103.9132000	52.8048
104.0178000	52.805
104.1223000	52.8051
104.2268000	52.8052
104.3314000	52.8053
104.4359000	52.8054
104.5404000	52.8054
104.6451000	52.3119
104.7496000	52.312
104.8540000	52.3122
104.9586000	52.3123
105.0632000	52.3124
105.1677000	52.3125
105.2723000	52.3126
105.3768000	52.3127
105.4813000	52.3128
105.5859000	52.3129
105.6904000	52.313
105.7949000	52.3131
105.8994000	52.3132
106.0040000	52.3133
106.1085000	52.3134
106.2130000	52.3136
106.3176000	52.3136
106.4221000	52.3138
106.5266000	52.3139
106.6313000	51.8203
106.7358000	51.8204
106.8404000	51.8205
106.9449000	51.8206
107.0493000	51.8208
107.1539000	51.8209
107.2585000	51.821
107.3630000	51.8211
107.4675000	51.8212
107.5721000	51.8213
107.6766000	51.8214
107.7811000	51.8215
107.8856000	51.8216
107.9902000	51.8216
108.0947000	51.8218
108.1992000	51.8218
108.3038000	51.822
108.4083000	51.8222
108.5128000	51.8223
108.6175000	51.3287
108.7220000	51.3288
108.8266000	51.3289
108.9311000	51.329
109.0356000	51.3291
109.1401000	51.3292
109.2447000	51.3294
109.3492000	51.3295
109.4537000	51.3296
109.5583000	51.3296
109.6627000	51.3298
109.7673000	51.3299
109.8719000	51.33
109.9764000	51.3301
110.0809000	51.3302
110.1854000	51.3303
110.2900000	51.3304
110.3945000	51.3305
110.4990000	51.3306
110.6036000	51.3308
110.7081000	51.3309
110.8126000	51.331
110.9173000	50.8374
111.0218000	50.8375
111.1264000	50.8376
111.2309000	50.8377
111.3354000	50.8378
111.4399000	50.838
111.5445000	50.838
111.6490000	50.8382
111.7534000	50.8383
111.8580000	50.8384
111.9626000	50.8385
112.0671000	50.8386
112.1716000	50.8387
112.2762000	50.8388
112.3807000	50.8389
112.4852000	50.839
112.5897000	50.8391
112.6943000	50.8392
112.7988000	50.8394
112.9034000	50.8395
113.0079000	50.8396
113.1124000	50.8397
113.2169000	50.8397
113.3215000	50.8399
113.4261000	50.3463
113.5307000	50.3464
113.6352000	50.3466
113.7397000	50.3467
113.8443000	50.3468
113.9487000	50.3469
114.0533000	50.347
114.1579000	50.3471
114.2624000	50.3472
114.3669000	50.3473
114.4714000	50.3474
114.5760000	50.3475
114.6804000	50.3476
114.7850000	50.3477
114.8896000	50.3477
114.9941000	50.3479
115.0986000	50.3481
115.2032000	50.3482
115.3077000	50.3483
115.4122000	50.3484
115.5167000	50.3485
115.6213000	50.3486
115.7258000	50.3487
115.8303000	50.3488
115.9350000	49.8553
116.0395000	49.8554
116.1441000	49.8555
116.2486000	49.8556
116.3531000	49.8557
116.4576000	49.8558
116.5622000	49.8559
116.6667000	49.8559
116.7711000	49.8561
116.8758000	49.8561
116.9803000	49.8563
117.0848000	49.8564
117.1894000	49.8566
117.2939000	49.8567
117.3984000	49.8568
117.5029000	49.8569
117.6075000	49.857
117.7120000	49.8571
117.8165000	49.8572
117.9211000	49.8573
118.0256000	49.8574
118.1301000	49.8575
118.2347000	49.8576
118.3392000	49.8577
118.4437000	49.8578
118.5482000	49.858
118.6529000	49.3644
118.7574000	49.3645
118.8620000	49.3646
118.9665000	49.3647
119.0710000	49.3648
119.1756000	49.3649
119.2801000	49.365
119.3846000	49.3652
119.4892000	49.3653
119.5937000	49.3654
119.6982000	49.3655
119.8027000	49.3656
119.9074000	48.8719