#DataThief C:\Stuff\Judit\Dark Matter Research\Datathief\nord-120kpc-total.png Thursday 26-Dec-2019 5:14:29 PM
0.1132000	359.7547
0.1305000	350.3786
0.1306000	357.7809
0.1477000	332.1197
0.1478000	340.5090
0.1479000	343.4700
0.1650000	322.2502
0.1651000	330.1460
0.1652000	331.1329
0.1823000	311.8871
0.1824000	319.2894
0.1997000	309.9134
0.2170000	300.0438
0.2344000	295.6026
0.2517000	288.2005
0.2518000	291.1614
0.2691000	285.7332
0.2865000	282.7726
0.3039000	279.8117
0.3213000	276.8511
0.3387000	275.3709
0.3561000	273.8906
0.3735000	272.9039
0.3909000	271.9171
0.4083000	271.4238
0.4258000	270.9304
0.4432000	270.4373
0.4606000	269.9440
0.4780000	269.9442
0.4954000	269.9444
0.5128000	269.9445
0.5303000	269.9449
0.5476000	269.9451
0.5651000	269.9453
0.5825000	269.9455
0.6000000	270.4392
0.6174000	270.9329
0.6348000	271.4266
0.6522000	271.9203
0.6697000	271.9205
0.6871000	272.9077
0.7045000	272.9079
0.7219000	272.9082
0.7393000	272.9083
0.7568000	273.4021
0.7742000	273.4022
0.7915000	273.8960
0.8091000	273.8961
0.8265000	273.8963
0.8439000	274.3901
0.8613000	274.3902
0.8788000	274.8840
0.8961000	275.3777
0.9136000	275.3780
0.9310000	275.3782
0.9485000	275.8719
0.9659000	275.8721
0.9832000	275.8723
1.0007000	276.3660
1.0182000	276.3662
1.0356000	276.8599
1.0530000	276.8601
1.0704000	276.8604
1.0879000	277.3541
1.1053000	277.3543
1.1227000	277.3545
1.1401000	277.8481
1.1575000	277.8484
1.1750000	277.8486
1.1924000	278.3423
1.2098000	278.3425
1.2272000	278.3428
1.2447000	278.3430
1.2621000	278.8367
1.2795000	278.8369
1.2969000	278.8371
1.3144000	279.3308
1.3317000	279.3310
1.3492000	279.3312
1.3666000	279.3315
1.3840000	279.3317
1.4015000	279.8254
1.4189000	279.8256
1.4363000	279.8258
1.4537000	279.8260
1.4712000	279.8262
1.4886000	280.3199
1.5060000	280.3202
1.5234000	280.3204
1.5408000	280.3206
1.5583000	280.3208
1.5756000	280.3210
1.5931000	280.3212
1.6105000	280.8149
1.6280000	280.8151
1.6454000	280.8154
1.6627000	280.8155
1.6802000	280.8157
1.6976000	280.8159
1.7151000	280.8162
1.7325000	280.8164
1.7499000	280.8167
1.7673000	280.8169
1.7848000	280.8171
1.8022000	280.8173
1.8195000	280.8175
1.8370000	280.8176
1.8544000	280.8178
1.8719000	280.8182
1.8893000	280.8184
1.9066000	280.8186
1.9241000	280.8188
1.9416000	280.8190
1.9590000	280.8192
1.9764000	280.8194
1.9938000	280.8197
2.0112000	280.8199
2.0287000	280.8201
2.0461000	280.8203
2.0635000	280.8205
2.0809000	280.8207
2.0983000	280.8210
2.1158000	280.8212
2.1332000	280.8214
2.1506000	280.8216
2.1680000	280.8218
2.1855000	280.8220
2.2029000	280.8222
2.2203000	280.8225
2.2377000	280.8227
2.2551000	280.8229
2.2726000	280.3296
2.2900000	280.3298
2.3074000	280.3300
2.3248000	280.3303
2.3422000	280.3305
2.3597000	280.3307
2.3771000	280.3309
2.3945000	280.3311
2.4119000	280.3313
2.4293000	280.3315
2.4468000	280.3317
2.4642000	280.3320
2.4816000	280.3322
2.4990000	280.3324
2.5165000	279.8391
2.5339000	279.8393
2.5513000	279.8396
2.5687000	279.8397
2.5861000	279.8399
2.6036000	279.8401
2.6210000	279.8404
2.6383000	279.3471
2.6558000	279.3474
2.6732000	279.3476
2.6907000	279.3477
2.7081000	279.3479
2.7255000	279.3482
2.7429000	279.3484
2.7603000	279.3487
2.7778000	279.3489
2.7952000	279.3491
2.8126000	278.8558
2.8300000	278.8559
2.8475000	278.8561
2.8649000	278.8565
2.8822000	278.8567
2.8997000	278.8569
2.9171000	278.8571
2.9346000	278.8573
2.9520000	278.8575
2.9694000	278.8577
2.9868000	279.3514
3.0043000	279.3517
3.0217000	279.3519
3.0391000	279.3521
3.0565000	279.3523
3.0739000	279.3525
3.0914000	279.3527
3.1088000	279.3530
3.1262000	278.8597
3.1436000	278.8599
3.1610000	278.8601
3.1785000	278.8603
3.1959000	278.8605
3.2133000	278.8608
3.2307000	278.8610
3.2481000	278.8612
3.2656000	278.8614
3.2830000	278.8616
3.3004000	278.8618
3.3178000	278.8620
3.3353000	278.8622
3.3527000	278.8625
3.3700000	278.8627
3.3875000	278.8629
3.4049000	278.8631
3.4224000	279.3568
3.4398000	279.3570
3.4572000	279.3573
3.4746000	279.3575
3.4921000	279.3577
3.5095000	279.3578
3.5269000	279.3580
3.5443000	279.8518
3.5617000	279.8519
3.5792000	279.8521
3.5966000	279.8525
3.6139000	279.8527
3.6314000	279.8529
3.6489000	279.8531
3.6663000	279.8533
3.6837000	279.8535
3.7010000	279.8537
3.7185000	279.8540
3.7360000	279.3607
3.7534000	279.3609
3.7708000	279.3611
3.7882000	279.3613
3.8056000	279.3616
3.8231000	279.3618
3.8405000	279.3620
3.8578000	279.3622
3.8753000	279.3624
3.8928000	279.3626
3.9102000	279.3628
3.9276000	279.3631
3.9449000	279.3633
3.9624000	279.3635
3.9799000	279.3637
3.9973000	279.3639
4.0147000	279.3641
4.0321000	279.3643
4.0495000	279.3646
4.0670000	279.3648
4.0844000	279.3650
4.1018000	279.3652
4.1192000	278.8719
4.1366000	278.8721
4.1541000	278.8723
4.1715000	278.8726
4.1889000	278.8728
4.2063000	278.8730
4.2238000	278.8732
4.2412000	278.8734
4.2586000	278.8736
4.2760000	278.8739
4.2934000	278.8740
4.3109000	278.8742
4.3283000	278.8745
4.3457000	278.8747
4.3631000	278.8749
4.3806000	278.8752
4.3980000	278.8754
4.4154000	278.8756
4.4328000	278.8758
4.4502000	278.8760
4.4677000	278.8761
4.4851000	278.8763
4.5025000	278.8767
4.5199000	278.8769
4.5373000	278.8771
4.5548000	278.3838
4.5722000	278.3840
4.5896000	278.3841
4.6070000	278.3845
4.6244000	278.3847
4.6419000	278.3849
4.6593000	278.3851
4.6766000	278.3853
4.6941000	278.3855
4.7116000	278.3857
4.7290000	278.3860
4.7464000	278.3862
4.7638000	278.3864
4.7812000	278.3866
4.7987000	278.3868
4.8161000	278.3870
4.8335000	278.3873
4.8509000	278.3875
4.8683000	278.3877
4.8858000	278.3879
4.9032000	278.3881
4.9205000	278.3883
4.9380000	278.3885
4.9555000	278.3888
4.9729000	278.3890
4.9903000	278.3892
5.0077000	278.3894
5.0251000	278.3896
5.0426000	278.3898
5.0600000	278.3900
5.0774000	278.3902
5.0948000	278.3905
5.1123000	278.3907
5.1297000	278.3909
5.1471000	278.3911
5.1645000	278.3913
5.1819000	277.8981
5.1994000	277.8982
5.2168000	277.8984
5.2342000	277.8987
5.2516000	277.8989
5.2690000	277.8991
5.2865000	277.8994
5.3039000	277.8996
5.3213000	277.8998
5.3387000	277.9000
5.3561000	277.9002
5.3736000	277.9003
5.3910000	277.9005
5.4083000	277.9009
5.4258000	277.9011
5.4433000	277.9013
5.4607000	277.9015
5.4781000	277.9017
5.4955000	277.9019
5.5129000	277.9021
5.5304000	277.9024
5.5478000	277.9026
5.5652000	277.9028
5.5826000	277.9030
5.6000000	277.9032
5.6175000	277.9034
5.6349000	277.9037
5.6522000	277.9039
5.6697000	277.9041
5.6872000	277.9043
5.7046000	277.9045
5.7220000	277.9047
5.7393000	277.9049
5.7568000	277.9052
5.7743000	277.9054
5.7917000	277.9056
5.8091000	277.9058
5.8265000	277.9060
5.8439000	277.9062
5.8614000	277.9064
5.8788000	277.9066
5.8961000	277.9069
5.9136000	277.9071
5.9311000	277.9073
5.9485000	277.9075
5.9659000	277.9077
5.9832000	277.9080
6.0007000	277.9082
6.0182000	277.9083
6.0356000	277.9085
6.0530000	277.9088
6.0704000	277.9090
6.0879000	277.9092
6.1053000	277.9095
6.1227000	277.9097
6.1401000	277.9099
6.1575000	277.9101
6.1750000	277.9102
6.1924000	277.9104
6.2098000	277.9106
6.2272000	277.9110
6.2447000	277.9112
6.2621000	277.9114
6.2795000	277.9116
6.2969000	277.9118
6.3143000	277.9120
6.3317000	277.9122
6.3492000	277.9125
6.3666000	277.9127
6.3840000	277.9129
6.4014000	277.9131
6.4189000	277.9133
6.4363000	277.9135
6.4537000	277.9138
6.4711000	277.9140
6.4886000	277.9142
6.5060000	277.9144
6.5234000	277.9146
6.5408000	277.9148
6.5582000	277.9150
6.5756000	277.9153
6.5931000	277.9155
6.6105000	277.9157
6.6279000	277.9159
6.6453000	277.9161
6.6627000	277.9163
6.6802000	277.9165
6.6976000	277.9167
6.7149000	277.9170
6.7325000	277.9172
6.7499000	277.9174
6.7673000	277.9176
6.7847000	277.9178
6.8021000	277.9181
6.8195000	277.9183
6.8370000	277.9184
6.8544000	277.9186
6.8718000	277.9189
6.8893000	277.9191
6.9066000	277.9193
6.9241000	277.9196
6.9415000	277.9198
6.9588000	277.9200
6.9764000	277.9202
6.9938000	277.9203
7.0112000	277.9205
7.0286000	277.9207
7.0460000	277.9211
7.0635000	277.9213
7.0809000	277.9215
7.0983000	277.9217
7.1157000	277.9219
7.1332000	277.9221
7.1506000	277.9224
7.1680000	277.9226
7.1854000	277.9228
7.2028000	277.9230
7.2203000	277.9232
7.2377000	277.9234
7.2551000	277.9236
7.2725000	277.9239
7.2899000	277.9241
7.3074000	277.9243
7.3248000	277.9245
7.3422000	277.9247
7.3596000	277.9249
7.3771000	277.9251
7.3945000	277.9254
7.4119000	277.9256
7.4293000	277.9258
7.4466000	277.9260
7.4642000	277.9262
7.4816000	278.4199
7.4990000	278.4201
7.5164000	278.4203
7.5339000	278.4205
7.5513000	278.4208
7.5687000	278.4210
7.5861000	278.4212
7.6035000	278.9149
7.6210000	278.9151
7.6383000	278.9153
7.6558000	278.9156
7.6732000	278.9158
7.6907000	278.9160
7.7081000	278.9162
7.7255000	278.9163
7.7429000	278.9165
7.7603000	278.9169
7.7778000	278.9171
7.7952000	278.9173
7.8126000	278.9175
7.8300000	278.9177
7.8475000	278.9179
7.8649000	278.9181
7.8822000	278.9184
7.8997000	278.9186
7.9171000	278.9188
7.9346000	278.9190
7.9520000	278.9192
7.9694000	278.9194
7.9868000	278.9196
8.0042000	278.9199
8.0217000	278.9201
8.0391000	278.9203
8.0565000	278.9205
8.0739000	278.9207
8.0914000	278.9209
8.1088000	278.9212
8.1262000	278.9214
8.1436000	278.9216
8.1610000	278.9218
8.1785000	278.9220
8.1959000	278.9222
8.2133000	278.9224
8.2307000	278.9226
8.2481000	278.9229
8.2656000	278.9231
8.2830000	278.9233
8.3004000	278.9235
8.3178000	278.9237
8.3353000	278.9239
8.3527000	278.9242
8.3700000	278.9243
8.3875000	278.9245
8.4049000	278.9247
8.4224000	278.9250
8.4398000	278.9252
8.4572000	278.9254
8.4746000	278.9257
8.4921000	278.9259
8.5095000	278.9261
8.5269000	278.9263
8.5443000	278.9264
8.5617000	278.9266
8.5792000	278.9270
8.5966000	278.9272
8.6139000	278.9274
8.6314000	278.9276
8.6488000	278.9278
8.6663000	278.9280
8.6837000	278.9282
8.7010000	278.9285
8.7185000	278.9287
8.7360000	278.9289
8.7534000	278.9291
8.7708000	278.9293
8.7882000	278.9295
8.8056000	278.9297
8.8231000	278.9300
8.8405000	278.9302
8.8578000	278.9304
8.8753000	278.9306
8.8927000	278.9308
8.9102000	278.9310
8.9276000	278.9313
8.9449000	278.9315
8.9624000	279.4252
8.9799000	279.4254
8.9973000	279.4256
9.0147000	279.4258
9.0321000	279.4260
9.0495000	279.4262
9.0670000	279.4264
9.0844000	279.4267
9.1018000	279.4269
9.1192000	279.4271
9.1367000	279.4273
9.1541000	279.4275
9.1715000	279.4277
9.1889000	279.4280
9.2063000	279.4282
9.2238000	279.4284
9.2412000	279.4285
9.2586000	279.4288
9.2760000	279.4290
9.2934000	279.4293
9.3109000	279.4295
9.3283000	279.4297
9.3457000	279.4299
9.3631000	279.4301
9.3806000	279.4303
9.3980000	279.4304
9.4154000	279.4308
9.4328000	279.4310
9.4502000	279.4312
9.4677000	279.4314
9.4851000	279.4316
9.5025000	279.4318
9.5199000	279.4320
9.5373000	279.9258
9.5548000	279.9260
9.5722000	279.9262
9.5896000	279.9264
9.6070000	279.9266
9.6245000	279.9268
9.6419000	279.9270
9.6593000	279.9273
9.6766000	279.9275
9.6942000	279.9277
9.7116000	279.9279
9.7290000	279.9281
9.7464000	279.9283
9.7638000	279.9285
9.7812000	279.9287
9.7987000	279.9290
9.8161000	279.9292
9.8335000	279.9294
9.8509000	279.9296
9.8683000	279.9298
9.8858000	279.9301
9.9032000	279.9303
9.9205000	279.9304
9.9381000	279.9306
9.9555000	279.9308
9.9729000	279.9311
9.9903000	279.9313
10.0077000	279.9316
10.0252000	279.9318
10.0426000	279.9320
10.0600000	279.9322
10.0774000	279.9324
10.0949000	279.9325
10.1123000	279.9327
10.1297000	279.9331
10.1471000	279.9333
10.1645000	279.9335
10.1820000	279.9337
10.1994000	279.9339
10.2168000	279.9341
10.2342000	279.9343
10.2516000	279.9346
10.2691000	279.9348
10.2865000	279.9350
10.3039000	279.9352
10.3213000	279.9354
10.3388000	279.9356
10.3562000	279.9359
10.3736000	279.9361
10.3910000	279.9363
10.4083000	279.9365
10.4259000	279.9367
10.4433000	279.9369
10.4607000	279.9371
10.4781000	279.9374
10.4955000	279.9376
10.5130000	279.9378
10.5304000	279.9380
10.5478000	279.9382
10.5652000	279.9384
10.5827000	279.9386
10.6000000	279.9388
10.6175000	279.9391
10.6349000	279.9393
10.6522000	279.9395
10.6698000	279.9397
10.6872000	279.9399
10.7046000	279.9402
10.7220000	279.9404
10.7393000	279.9405
10.7569000	279.9407
10.7743000	279.9409
10.7917000	279.9412
10.8091000	279.4480
10.8266000	279.4482
10.8439000	279.4484
10.8614000	279.4485
10.8788000	279.4487
10.8961000	279.4490
10.9137000	279.4492
10.9311000	279.4495
10.9485000	279.4497
10.9659000	279.4499
10.9832000	279.4501
11.0008000	279.4503
11.0182000	279.4505
11.0356000	279.4506
11.0530000	279.4510
11.0705000	279.4512
11.0879000	279.4514
11.1053000	279.4516
11.1227000	279.4518
11.1401000	279.4520
11.1576000	279.4523
11.1750000	279.4525
11.1924000	279.4527
11.2098000	279.4529
11.2272000	279.4531
11.2447000	279.4533
11.2621000	279.4535
11.2795000	279.4538
11.2969000	279.4540
11.3144000	279.4542
11.3317000	279.4544
11.3492000	279.4546
11.3666000	279.4548
11.3840000	279.4550
11.4015000	279.4553
11.4189000	279.4555
11.4363000	279.4557
11.4537000	279.4559
11.4712000	279.4561
11.4886000	279.4563
11.5060000	279.4566
11.5234000	279.4567
11.5408000	279.4570
11.5583000	279.4572
11.5756000	279.4574
11.5931000	279.4576
11.6105000	279.4578
11.6279000	279.4581
11.6454000	279.4583
11.6627000	279.4585
11.6802000	279.4586
11.6976000	279.4588
11.7151000	279.4591
11.7325000	279.4593
11.7499000	279.4596
11.7673000	279.4598
11.7847000	279.4600
11.8022000	279.4602
11.8195000	279.4604
11.8370000	279.4606
11.8544000	279.4607
11.8718000	279.4611
11.8893000	279.4613
11.9066000	279.4615
11.9241000	279.4617
11.9415000	279.4619
11.9590000	279.4621
11.9764000	279.4624
11.9938000	279.4626
12.0112000	279.4628
12.0286000	279.4630
12.0461000	279.4632
12.0635000	279.4634
12.0809000	279.4636
12.0983000	279.4639
12.1158000	279.4641
12.1332000	279.4643
12.1506000	279.4645
12.1680000	279.4647
12.1854000	279.4649
12.2029000	279.4651
12.2203000	279.4654
12.2377000	279.4656
12.2551000	279.4658
12.2725000	279.4660
12.2900000	279.4662
12.3074000	279.4664
12.3248000	279.4667
12.3422000	279.4668
12.3597000	279.4671
12.3771000	279.4673
12.3945000	279.4675
12.4119000	279.4677
12.4293000	279.4679
12.4468000	279.4682
12.4642000	279.4684
12.4816000	279.4686
12.4990000	279.4687
12.5164000	279.4689
12.5339000	279.4692
12.5513000	279.4694
12.5687000	279.4697
12.5861000	279.4699
12.6036000	279.4701
12.6210000	279.4703
12.6383000	279.4705
12.6558000	279.4707
12.6732000	279.4710
12.6907000	279.4712
12.7081000	279.4714
12.7255000	279.4716
12.7429000	279.4718
12.7603000	279.4720
12.7778000	279.4722
12.7952000	279.4725
12.8126000	279.4727
12.8300000	278.9794
12.8475000	278.9796
12.8649000	278.9798
12.8822000	278.9800
12.8997000	278.9803
12.9171000	278.9805
12.9346000	278.9807
12.9520000	278.9809
12.9694000	278.9811
12.9868000	278.9813
13.0042000	278.9815
13.0217000	278.9818
13.0391000	278.9820
13.0565000	278.9822
13.0739000	278.9824
13.0914000	278.9826
13.1088000	278.9828
13.1262000	278.9830
13.1436000	278.9832
13.1610000	278.9835
13.1785000	278.9837
13.1959000	278.9839
13.2133000	278.9841
13.2307000	278.9843
13.2481000	278.9846
13.2656000	278.9848
13.2830000	278.9849
13.3004000	278.9851
13.3178000	278.9854
13.3353000	278.9856
13.3527000	278.9858
13.3700000	278.9861
13.3875000	278.9863
13.4049000	278.9865
13.4224000	278.9867
13.4398000	278.4934
13.4572000	278.4936
13.4746000	278.4939
13.4920000	278.4941
13.5095000	278.4943
13.5269000	278.4945
13.5443000	278.4947
13.5617000	278.4949
13.5792000	278.4952
13.5966000	278.4954
13.6139000	278.4956
13.6314000	278.4958
13.6488000	278.4960
13.6663000	278.4962
13.6837000	278.4964
13.7010000	278.4967
13.7185000	278.4969
13.7359000	278.4971
13.7534000	278.4973
13.7708000	278.4975
13.7882000	278.4977
13.8056000	278.4979
13.8231000	278.4982
13.8405000	278.4984
13.8578000	278.4986
13.8753000	278.4988
13.8927000	278.4990
13.9102000	278.4992
13.9276000	278.4994
13.9449000	278.0062
13.9624000	278.0064
13.9798000	278.0066
13.9973000	278.0068
14.0147000	278.0070
14.0321000	278.0073
14.0495000	278.0075
14.0670000	278.0077
14.0844000	278.0079
14.1018000	278.0081
14.1192000	278.0083
14.1366000	278.0085
14.1541000	278.0088
14.1715000	278.0090
14.1889000	278.0092
14.2063000	278.0094
14.2237000	278.0096
14.2412000	278.0098
14.2586000	278.0100
14.2760000	278.0103
14.2934000	278.0105
14.3109000	278.0107
14.3283000	278.0109
14.3457000	278.0111
14.3631000	278.0113
14.3805000	278.0115
14.3980000	278.0118
14.4154000	278.0120
14.4328000	278.0122
14.4502000	278.0124
14.4676000	277.5191
14.4851000	277.5192
14.5025000	277.5196
14.5199000	277.5198
14.5373000	277.5200
14.5548000	277.5202
14.5722000	277.5204
14.5896000	277.5206
14.6070000	277.5209
14.6244000	277.5211
14.6419000	277.5213
14.6593000	277.5215
14.6766000	277.5217
14.6941000	277.5219
14.7115000	277.5221
14.7290000	277.5224
14.7464000	277.5226
14.7638000	277.5228
14.7812000	277.5230
14.7987000	277.5232
14.8161000	277.5234
14.8335000	277.5236
14.8509000	277.5239
14.8683000	277.5241
14.8858000	277.5243
14.9032000	277.5245
14.9205000	277.5247
14.9380000	277.5249
14.9554000	277.5252
14.9729000	277.0319
14.9903000	277.0321
15.0077000	277.0323
15.0251000	277.0325
15.0426000	277.0327
15.0600000	277.0330
15.0774000	277.0332
15.0948000	277.0334
15.1122000	277.0336
15.1297000	277.0338
15.1471000	277.0340
15.1645000	277.0342
15.1819000	277.0345
15.1993000	277.0347
15.2168000	277.0349
15.2342000	277.0351
15.2516000	277.0352
15.2690000	277.0355
15.2865000	277.0357
15.3039000	277.0360
15.3213000	277.0362
15.3387000	277.0364
15.3561000	277.0366
15.3736000	277.0368
15.3910000	277.0370
15.4083000	277.0373
15.4258000	277.0375
15.4432000	277.0377
15.4607000	276.5444
15.4781000	276.5446
15.4955000	276.5448
15.5129000	276.5451
15.5303000	276.5453
15.5478000	276.5455
15.5652000	276.5457
15.5826000	276.5459
15.6000000	276.5461
15.6175000	276.5463
15.6349000	276.5466
15.6522000	276.5468
15.6697000	276.5470
15.6871000	276.5472
15.7046000	276.5474
15.7220000	276.5476
15.7393000	276.5478
15.7568000	276.5481
15.7743000	276.5483
15.7917000	276.5485
15.8091000	276.5487
15.8265000	276.5489
15.8439000	276.5491
15.8614000	276.5493
15.8788000	276.5495
15.8961000	276.0563
15.9136000	276.0565
15.9310000	276.0567
15.9485000	276.0569
15.9659000	276.0572
15.9832000	276.0574
16.0007000	276.0576
16.0181000	276.0578
16.0356000	276.0580
16.0530000	276.0582
16.0704000	276.0584
16.0878000	276.0587
16.1053000	276.0589
16.1227000	276.0591
16.1401000	276.0593
16.1575000	276.0594
16.1749000	276.0597
16.1924000	276.0599
16.2098000	276.0602
16.2272000	276.0604
16.2446000	276.0606
16.2621000	276.0608
16.2795000	275.5675
16.2969000	275.5676
16.3143000	275.5680
16.3317000	275.5682
16.3492000	275.5684
16.3666000	275.5686
16.3840000	275.5688
16.4014000	275.5690
16.4188000	275.5693
16.4363000	275.5695
16.4537000	275.5697
16.4711000	275.5699
16.4885000	275.5701
16.5059000	275.5703
16.5234000	275.5705
16.5408000	275.5708
16.5582000	275.5710
16.5756000	275.5712
16.5931000	275.5714
16.6105000	275.5716
16.6279000	275.5718
16.6453000	275.5720
16.6627000	275.5723
16.6802000	275.5725
16.6976000	275.5727
16.7149000	275.0794
16.7324000	275.0796
16.7498000	275.0798
16.7673000	275.0801
16.7847000	275.0803
16.8021000	275.0805
16.8195000	275.0807
16.8370000	275.0809
16.8544000	275.0811
16.8718000	275.0814
16.8892000	275.0816
16.9066000	275.0818
16.9241000	275.0820
16.9415000	275.0822
16.9588000	275.0824
16.9763000	275.0826
16.9937000	275.0829
17.0112000	275.0831
17.0286000	275.0833
17.0460000	275.0835
17.0634000	275.0836
17.0809000	275.0839
17.0983000	275.0841
17.1157000	275.0844
17.1331000	274.5911
17.1505000	274.5913
17.1680000	274.5915
17.1854000	274.5917
17.2028000	274.5918
17.2202000	274.5922
17.2376000	274.5924
17.2551000	274.5926
17.2725000	274.5928
17.2899000	274.5930
17.3073000	274.5932
17.3248000	274.5935
17.3422000	274.5937
17.3596000	274.5939
17.3770000	274.5941
17.3944000	274.5943
17.4119000	274.5945
17.4293000	274.5947
17.4466000	274.5950
17.4641000	274.5952
17.4815000	274.5954
17.4990000	274.5956
17.5164000	274.5958
17.5338000	274.1025
17.5512000	274.1028
17.5686000	274.1030
17.5861000	274.1032
17.6035000	274.1034
17.6209000	274.1036
17.6383000	274.1038
17.6558000	274.1040
17.6732000	274.1043
17.6905000	274.1045
17.7080000	274.1047
17.7254000	274.1049
17.7429000	274.1051
17.7603000	274.1053
17.7776000	274.1056
17.7951000	274.1058
17.8125000	274.1060
17.8300000	274.1062
17.8474000	274.1064
17.8648000	274.1066
17.8822000	274.1068
17.8997000	274.1071
17.9171000	274.1073
17.9344000	273.6139
17.9519000	273.6141
17.9693000	273.6143
17.9868000	273.6146
18.0042000	273.6149
18.0216000	273.6151
18.0390000	273.6153
18.0564000	273.6155
18.0739000	273.6157
18.0913000	273.6159
18.1087000	273.6160
18.1261000	273.6164
18.1436000	273.6166
18.1610000	273.6168
18.1784000	273.6170
18.1958000	273.1237
18.2132000	273.1239
18.2307000	273.1242
18.2481000	273.1244
18.2655000	273.1246
18.2829000	273.1248
18.3003000	273.1250
18.3178000	273.1252
18.3352000	273.1255
18.3526000	273.1257
18.3700000	273.1259
18.3875000	273.1261
18.4049000	273.1263
18.4223000	273.1265
18.4397000	273.1267
18.4571000	272.6335
18.4746000	272.6337
18.4920000	272.6339
18.5093000	272.6341
18.5268000	272.6343
18.5442000	272.6345
18.5617000	272.6348
18.5791000	272.6350
18.5965000	272.6352
18.6139000	272.6354
18.6313000	272.6356
18.6488000	272.6358
18.6662000	272.6360
18.6836000	272.6362
18.7010000	272.6364
18.7184000	272.1432
18.7359000	272.1434
18.7532000	272.1436
18.7707000	272.1438
18.7881000	272.1441
18.8056000	272.1443
18.8230000	272.1445
18.8404000	272.1447
18.8578000	272.1449
18.8752000	272.1451
18.8927000	272.1454
18.9101000	272.1456
18.9275000	272.1458
18.9449000	272.1460
18.9624000	272.1461
18.9798000	272.1464
18.9971000	272.1466
19.0146000	272.1469
19.0320000	272.1471
19.0495000	272.1473
19.0669000	272.1475
19.0843000	271.6542
19.1017000	271.6543
19.1191000	271.6547
19.1366000	271.6549
19.1540000	271.6551
19.1714000	271.6553
19.1888000	271.6555
19.2062000	271.6557
19.2237000	271.6559
19.2411000	271.6562
19.2585000	271.6564
19.2759000	271.6566
19.2934000	271.6568
19.3108000	271.6570
19.3282000	271.6572
19.3456000	271.6575
19.3630000	271.6577
19.3805000	271.6579
19.3979000	271.6581
19.4153000	271.6583
19.4327000	271.6585
19.4502000	271.6587
19.4676000	271.6590
19.4849000	271.6592
19.5024000	271.6594
19.5198000	271.6596
19.5373000	271.6598
19.5547000	271.6600
19.5721000	271.6602
19.5895000	271.1670
19.6069000	271.1672
19.6244000	271.1674
19.6418000	271.1676
19.6592000	271.1678
19.6766000	271.1680
19.6940000	271.1683
19.7115000	271.1685
19.7288000	271.1687
19.7463000	271.1689
19.7637000	271.1691
19.7812000	271.1693
19.7986000	271.1696
19.8159000	271.1698
19.8334000	271.1700
19.8508000	271.1702
19.8683000	271.1703
19.8857000	271.1706
19.9031000	271.1708
19.9205000	271.1711
19.9379000	271.1713
19.9554000	271.1715
19.9727000	271.1717
19.9902000	270.6784
20.0076000	270.6785
20.0172000	270.9153
20.1217000	270.9154
20.2264000	270.4219
20.3309000	270.4220
20.4354000	270.4221
20.5399000	270.4222
20.6446000	269.9287
20.7490000	269.9287
20.8537000	269.9289
20.9582000	269.9290
21.0627000	269.9291
21.1674000	269.4356
21.2719000	269.4357
21.3766000	268.9421
21.4811000	268.9422
21.5857000	268.9423
21.6903000	268.4487
21.7949000	268.4489
21.8994000	268.4490
22.0039000	268.4491
22.1085000	268.4492
22.2131000	267.9557
22.3176000	267.9558
22.4222000	267.9559
22.5267000	267.9560
22.6313000	267.9561
22.7358000	267.9562
22.8405000	267.4626
22.9449000	267.4627
23.0495000	267.4628
23.1540000	267.4630
23.2586000	267.4631
23.3631000	267.4632
23.4678000	266.9696
23.5723000	266.9697
23.6768000	266.9698
23.7814000	266.9699
23.8859000	266.9701
23.9904000	266.9702
24.0951000	266.4766
24.1996000	266.4767
24.3042000	266.4768
24.4087000	266.4769
24.5131000	266.4769
24.6177000	266.4772
24.7224000	265.9836
24.8270000	265.9837
24.9315000	265.9838
25.0360000	265.9839
25.1405000	265.9840
25.2451000	265.9841
25.3497000	265.4906
25.4543000	265.4907
25.5588000	265.4908
25.6633000	265.4909
25.7679000	265.4910
25.8723000	265.4910
25.9771000	264.9976
26.0816000	264.9977
26.1861000	264.9978
26.2907000	264.9979
26.3952000	264.9980
26.4997000	264.9981
26.6044000	264.5046
26.7088000	264.5047
26.8134000	264.5048
26.9180000	264.5049
27.0225000	264.5050
27.1270000	264.5051
27.2317000	264.0116
27.3362000	264.0117
27.4408000	264.0118
27.5453000	264.0119
27.6500000	263.5183
27.7545000	263.5184
27.8590000	263.5185
27.9636000	263.5186
28.0681000	263.5188
28.1728000	263.0252
28.2772000	263.0253
28.3818000	263.0254
28.4863000	263.0255
28.5909000	263.0256
28.6955000	262.5321
28.8001000	262.5322
28.9045000	262.5323
29.0091000	262.5324
29.1137000	262.5325
29.2182000	262.5326
29.3229000	262.0391
29.4274000	262.0392
29.5319000	262.0393
29.6364000	262.0394
29.7410000	261.5457
29.8457000	261.5460
29.9502000	261.5461
30.0547000	261.5462
30.1592000	261.5463
30.2639000	261.0527
30.3685000	261.0528
30.4729000	261.0529
30.5775000	261.0530
30.6820000	261.0532
30.7867000	260.5596
30.8912000	260.5596
30.9958000	260.5598
31.1003000	260.5598
31.2048000	260.5600
31.3094000	260.0665
31.4140000	260.0666
31.5186000	260.0667
31.6231000	260.0668
31.7276000	260.0669
31.8323000	259.5734
31.9367000	259.5735
32.0414000	259.5735
32.1459000	259.5737
32.2504000	259.5737
32.3551000	259.0802
32.4596000	259.0803
32.5641000	259.0805
32.6686000	259.0806
32.7732000	259.0807
32.8779000	258.5871
32.9824000	258.5872
33.0869000	258.5873
33.1915000	258.5874
33.2960000	258.5876
33.4007000	258.0940
33.5051000	258.0941
33.6097000	258.0942
33.7143000	258.0943
33.8188000	258.0944
33.9235000	257.6009
34.0280000	257.6010
34.1325000	257.6011
34.2370000	257.6012
34.3416000	257.6013
34.4463000	257.1078
34.5508000	257.1078
34.6553000	257.1080
34.7600000	256.6143
34.8645000	256.6145
34.9691000	256.1210
35.0737000	256.1211
35.1782000	256.1212
35.2828000	256.1213
35.3874000	255.6278
35.4920000	255.6279
35.5965000	255.6280
35.7010000	255.6280
35.8056000	255.1345
35.9102000	255.1346
36.0148000	255.1347
36.1193000	255.1349
36.2240000	254.6413
36.3285000	254.6414
36.4330000	254.6415
36.5375000	254.6416
36.6421000	254.1481
36.7468000	254.1482
36.8513000	254.1482
36.9558000	254.1484
37.0605000	253.6548
37.1650000	253.6550
37.2696000	253.6551
37.3740000	253.6552
37.4786000	253.6553
37.5833000	253.1617
37.6878000	253.1618
37.7923000	253.1619
37.8969000	253.1620
38.0015000	252.6684
38.1061000	252.6686
38.2106000	252.6686
38.3151000	252.6688
38.4198000	252.1753
38.5243000	252.1754
38.6289000	252.1755
38.7334000	252.1756
38.8380000	251.6820
38.9426000	251.6821
39.0471000	251.6823
39.1517000	251.6824
39.2563000	251.1888
39.3609000	251.1889
39.4654000	251.1890
39.5699000	251.1891
39.6745000	251.1892
39.7791000	250.6957
39.8837000	250.6958
39.9882000	250.6959
40.0927000	250.6960
40.1974000	250.2025
40.3019000	250.2026
40.4064000	250.2027
40.5110000	250.2028
40.6155000	250.2029
40.7202000	249.7093
40.8247000	249.7095
40.9292000	249.7096
41.0339000	249.2160
41.1384000	249.2161
41.2429000	249.2162
41.3475000	249.2163
41.4520000	249.2164
41.5567000	248.7229
41.6612000	248.7229
41.7658000	248.7231
41.8704000	248.2296
41.9750000	248.2297
42.0795000	248.2298
42.1840000	248.2299
42.2886000	248.2300
42.3932000	247.7364
42.4978000	247.7365
42.6023000	247.7366
42.7067000	247.7368
42.8115000	247.2432
42.9160000	247.2433
43.0205000	247.2434
43.1251000	247.2435
43.2296000	247.2436
43.3343000	246.7501
43.4388000	246.7502
43.5433000	246.7503
43.6479000	246.7504
43.7524000	246.7505
43.8571000	246.2570
43.9616000	246.2570
44.0661000	246.2572
44.1707000	246.2572
44.2753000	245.7637
44.3799000	245.7638
44.4844000	245.7640
44.5889000	245.7641
44.6936000	245.2705
44.7981000	245.2706
44.9026000	245.2707
45.0072000	245.2708
45.1117000	245.2709
45.2162000	245.2710
45.3209000	244.7774
45.4254000	244.7776
45.5300000	244.7776
45.6346000	244.2842
45.7391000	244.2843
45.8437000	244.2844
45.9482000	244.2845
46.0528000	244.2846
46.1574000	243.7910
46.2620000	243.7912
46.3665000	243.7913
46.4710000	243.7913
46.5756000	243.2978
46.6802000	243.2979
46.7848000	243.2980
46.8893000	243.2981
46.9938000	243.2982
47.0985000	242.8047
47.2030000	242.8048
47.3075000	242.8049
47.4121000	242.8050
47.5166000	242.8051
47.6213000	242.3115
47.7258000	242.3117
47.8303000	242.3118
47.9348000	242.3119
48.0394000	242.3120
48.1441000	241.8185
48.2486000	241.8186
48.3531000	241.8187
48.4578000	241.3251
48.5623000	241.3252
48.6669000	241.3253
48.7713000	241.3254
48.8759000	241.3255
48.9806000	240.8319
49.0851000	240.8321
49.1897000	240.8322
49.2942000	240.8323
49.3989000	240.3388
49.5034000	240.3389
49.6078000	240.3390
49.7124000	240.3391
49.8170000	240.3392
49.9216000	239.8457
50.0262000	239.8458
50.1307000	239.8458
50.2352000	239.8460
50.3397000	239.8460
50.4444000	239.3525
50.5490000	239.3526
50.6535000	239.3527
50.7580000	239.3529
50.8627000	238.8593
50.9672000	238.8594
51.0718000	238.8595
51.1763000	238.8596
51.2808000	238.8597
51.3855000	238.3662
51.4900000	238.3663
51.5946000	238.3664
51.6991000	238.3665
51.8035000	238.3666
51.9081000	238.3667
52.0128000	237.8732
52.1173000	237.8733
52.2219000	237.8734
52.3264000	237.8735
52.4309000	237.8736
52.5354000	237.8737
52.6401000	237.3801
52.7447000	237.3803
52.8492000	237.3804
52.9537000	237.3805
53.0583000	237.3806
53.1628000	237.3807
53.2673000	237.3808
53.3718000	237.3809
53.4765000	236.8874
53.5810000	236.8875
53.6856000	236.8876
53.7901000	236.8877
53.8946000	236.8878
53.9992000	236.8879
54.1037000	236.8880
54.2084000	236.3945
54.3129000	236.3946
54.4174000	236.3947
54.5220000	236.3948
54.6265000	236.3949
54.7309000	236.3950
54.8355000	236.3951
54.9402000	235.9015
55.0447000	235.9017
55.1493000	235.9018
55.2538000	235.9019
55.3583000	235.9020
55.4628000	235.9021
55.5674000	235.9022
55.6721000	235.4086
55.7766000	235.4088
55.8811000	235.4089
55.9857000	235.4090
56.0902000	235.4091
56.1947000	235.4092
56.2992000	235.4093
56.4039000	234.9157
56.5084000	234.9158
56.6130000	234.9160
56.7175000	234.9161
56.8220000	234.9162
56.9266000	234.4226
57.0312000	234.4227
57.1358000	234.4228
57.2403000	234.4229
57.3448000	234.4230
57.4494000	234.4232
57.5539000	234.4233
57.6583000	234.4234
57.7629000	234.4235
57.8676000	233.9299
57.9721000	233.9300
58.0767000	233.9301
58.1812000	233.9303
58.2857000	233.9304
58.3902000	233.9304
58.4949000	233.4369
58.5995000	233.4370
58.7040000	233.4371
58.8085000	233.4372
58.9131000	233.4373
59.0176000	233.4375
59.1221000	233.4376
59.2266000	233.4377
59.3313000	232.9441
59.4358000	232.9442
59.5404000	232.9443
59.6449000	232.9444
59.7494000	232.9445
59.8540000	232.9447
59.9586000	232.4511
60.0632000	232.4512
60.1677000	232.4513
60.2722000	232.4514
60.3768000	232.4515
60.4813000	232.4516
60.5857000	232.4518
60.6903000	232.4519
60.7949000	232.4520
60.8995000	231.9584
61.0041000	231.9585
61.1086000	231.9586
61.2131000	231.9586
61.3176000	231.9588
61.4222000	231.9590
61.5269000	231.4654
61.6314000	231.4655
61.7359000	231.4656
61.8405000	231.4657
61.9449000	231.4658
62.0495000	231.4659
62.1540000	231.4660
62.2586000	231.4662
62.3631000	231.4663
62.4678000	230.9727
62.5723000	230.9727
62.6768000	230.9729
62.7814000	230.9729
62.8859000	230.9731
62.9904000	230.9733
63.0950000	230.9734
63.1995000	230.9735
63.3042000	230.4799
63.4087000	230.4800
63.5131000	230.4801
63.6177000	230.4802
63.7223000	230.4803
63.8268000	230.4805
63.9315000	229.9868
64.0360000	229.9870
64.1405000	229.9870
64.2451000	229.9872
64.3496000	229.9872
64.4541000	229.9874
64.5587000	229.9875
64.6632000	229.9877
64.7677000	229.9878
64.8723000	229.4942
64.9769000	229.4943
65.0814000	229.4944
65.1860000	229.4945
65.2905000	229.4946
65.3950000	229.4947
65.4996000	229.4949
65.6040000	229.4950
65.7088000	229.0014
65.8133000	229.0015
65.9178000	229.0016
66.0224000	229.0017
66.1269000	229.0018
66.2314000	229.0020
66.3359000	229.0021
66.4405000	228.5085
66.5451000	228.5086
66.6497000	228.5087
66.7542000	228.5088
66.8587000	228.5089
66.9633000	228.5090
67.0678000	228.5091
67.1723000	228.5093
67.2770000	228.0157
67.3815000	228.0158
67.4861000	228.0159
67.5906000	228.0160
67.6951000	228.0161
67.7995000	228.0162
67.9042000	228.0164
68.0088000	227.5228
68.1134000	227.5229
68.2179000	227.5230
68.3224000	227.5231
68.4270000	227.5232
68.5314000	227.5232
68.6360000	227.5234
68.7406000	227.5236
68.8451000	227.5237
68.9498000	227.0301
69.0543000	227.0302
69.1588000	227.0303
69.2633000	227.0304
69.3679000	227.0305
69.4724000	227.0307
69.5769000	227.0308
69.6815000	227.0309
69.7860000	227.0310
69.8904000	227.0311
69.9950000	227.0312
70.0997000	226.5375
70.2043000	226.5377
70.3088000	226.5379
70.4133000	226.5380
70.5178000	226.5381
70.6223000	226.5382
70.7269000	226.5383
70.8314000	226.5384
70.9360000	226.5385
71.0406000	226.0450
71.1452000	226.0451
71.2497000	226.0452
71.3542000	226.0453
71.4588000	226.0454
71.5633000	226.0455
71.6678000	226.0456
71.7723000	226.0457
71.8769000	226.0458
71.9815000	225.5523
72.0861000	225.5524
72.1905000	225.5525
72.2951000	225.5526
72.3997000	225.5527
72.5042000	225.5528
72.6087000	225.5529
72.7133000	225.5530
72.8178000	225.0594
72.9224000	225.0596
73.0270000	225.0597
73.1315000	225.0598
73.2360000	225.0599
73.3406000	225.0600
73.4451000	225.0601
73.5497000	224.5666
73.6543000	224.5667
73.7588000	224.5668
73.8634000	224.5669
73.9679000	224.5670
74.0724000	224.5671
74.1770000	224.5672
74.2814000	224.5673
74.3860000	224.5674
74.4907000	224.0739
74.5952000	224.0740
74.6997000	224.0741
74.8043000	224.0742
74.9088000	224.0743
75.0133000	224.0744
75.1179000	224.0745
75.2224000	224.0746
75.3269000	224.0747
75.4315000	224.0748
75.5361000	223.5813
75.6407000	223.5814
75.7452000	223.5815
75.8497000	223.5816
75.9542000	223.5817
76.0588000	223.5817
76.1633000	223.5819
76.2678000	223.5819
76.3724000	223.5821
76.4769000	223.5823
76.5814000	223.5824
76.6860000	223.5825
76.7905000	223.5826
76.8952000	223.0890
76.9997000	223.0891
77.1042000	223.0892
77.2086000	223.0893
77.3133000	223.0895
77.4178000	223.0896
77.5223000	223.0897
77.6269000	223.0898
77.7314000	223.0899
77.8359000	223.0900
77.9405000	223.0901
78.0451000	222.5965
78.1497000	222.5967
78.2542000	222.5968
78.3587000	222.5969
78.4632000	222.5970
78.5678000	222.5971
78.6723000	222.5972
78.7768000	222.5973
78.8814000	222.5974
78.9859000	222.5975
79.0904000	222.5976
79.1949000	222.5977
79.2995000	222.5977
79.4042000	222.1043
79.5087000	222.1044
79.6132000	222.1045
79.7177000	222.1046
79.8223000	222.1047
79.9268000	222.1048
80.0313000	222.1049
80.1359000	222.1050
80.2404000	222.1051
80.3449000	222.1053
80.4494000	222.1054
80.5540000	222.1055
80.6585000	222.1056
80.7630000	222.1057
80.8677000	221.6120
80.9722000	221.6122
81.0768000	221.6124
81.1813000	221.6125
81.2858000	221.6126
81.3904000	221.6127
81.4949000	221.6128
81.5994000	221.6129
81.7039000	221.6130
81.8085000	221.6131
81.9130000	221.6132
82.0175000	221.6133
82.1221000	221.6134
82.2266000	221.6135
82.3311000	221.6136
82.4358000	221.1201
82.5403000	221.1202
82.6449000	221.1203
82.7494000	221.1204
82.8538000	221.1205
82.9584000	221.1206
83.0630000	221.1207
83.1675000	221.1208
83.2720000	221.1210
83.3766000	221.1211
83.4811000	221.1212
83.5856000	221.1213
83.6902000	221.1214
83.7947000	221.1215
83.8992000	221.1216
84.0039000	220.6280
84.1084000	220.6282
84.2129000	220.6282
84.3175000	220.6284
84.4220000	220.6284
84.5265000	220.6286
84.6311000	220.6287
84.7356000	220.6288
84.8401000	220.6289
84.9445000	220.6290
85.0492000	220.6291
85.1539000	220.1356
85.2584000	220.1357
85.3629000	220.1358
85.4674000	220.1359
85.5720000	220.1360
85.6764000	220.1360
85.7810000	220.1362
85.8856000	220.1363
85.9901000	220.1364
86.0946000	220.1365
86.1991000	220.1366
86.3037000	220.1368
86.4082000	220.1369
86.5127000	220.1370
86.6174000	219.6434
86.7219000	219.6435
86.8265000	219.6436
86.9310000	219.6437
87.0355000	219.6438
87.1401000	219.6440
87.2446000	219.6441
87.3491000	219.6442
87.4536000	219.6442
87.5582000	219.6444
87.6627000	219.6444
87.7671000	219.6446
87.8719000	219.1511
87.9764000	219.1512
88.0810000	219.1513
88.1855000	219.1514
88.2900000	219.1515
88.3946000	219.1516
88.4990000	219.1517
88.6036000	219.1518
88.7081000	219.1519
88.8127000	219.1520
88.9173000	218.6585
89.0219000	218.6585
89.1264000	218.6587
89.2309000	218.6588
89.3355000	218.6589
89.4400000	218.6590
89.5445000	218.6591
89.6491000	218.6592
89.7536000	218.6593
89.8580000	218.6594
89.9626000	218.6595
90.0672000	218.6597
90.1717000	218.6598
90.2762000	218.6599
90.3808000	218.6600
90.4853000	218.6601
90.5899000	218.1665
90.6945000	218.1666
90.7990000	218.1667
90.9036000	218.1669
91.0081000	218.1670
91.1126000	218.1671
91.2171000	218.1672
91.3216000	218.1673
91.4262000	218.1674
91.5307000	218.1675
91.6353000	218.1676
91.7399000	217.6741
91.8445000	217.6742
91.9489000	217.6743
92.0535000	217.6743
92.1581000	217.6745
92.2626000	217.6745
92.3671000	217.6747
92.4716000	217.6747
92.5762000	217.6749
92.6806000	217.6750
92.7852000	217.6751
92.8898000	217.6752
92.9943000	217.6753
93.0988000	217.6755
93.2033000	217.6756
93.3080000	217.1820
93.4125000	217.1821
93.5171000	217.1822
93.6216000	217.1823
93.7261000	217.1824
93.8307000	217.1825
93.9352000	217.1827
94.0397000	217.1828
94.1443000	217.1829
94.2488000	217.1830
94.3533000	217.1831
94.4578000	217.1832
94.5624000	217.1833
94.6669000	217.1834
94.7713000	217.1835
94.8761000	216.6900
94.9806000	216.6901
95.0852000	216.6902
95.1897000	216.6903
95.2942000	216.6904
95.3988000	216.6905
95.5032000	216.6905
95.6078000	216.6907
95.7123000	216.6907
95.8169000	216.6909
95.9214000	216.6909
96.0259000	216.6911
96.1305000	216.6913
96.2349000	216.6914
96.3395000	216.6915
96.4442000	216.1979
96.5487000	216.1980
96.6533000	216.1981
96.7578000	216.1982
96.8622000	216.1983
96.9668000	216.1985
97.0714000	216.1985
97.1759000	216.1987
97.2804000	216.1988
97.3850000	216.1989
97.4895000	216.1990
97.5939000	216.1991
97.6985000	216.1992
97.8031000	216.1993
97.9076000	216.1994
98.0121000	216.1995
98.1168000	215.7060
98.2213000	215.7061
98.3259000	215.7062
98.4304000	215.7063
98.5349000	215.7064
98.6395000	215.7065
98.7440000	215.7066
98.8485000	215.7067
98.9529000	215.7067
99.0576000	215.7069
99.1621000	215.7071
99.2666000	215.7072
99.3712000	215.7073
99.4757000	215.7074
99.5802000	215.7075
99.6848000	215.7076
99.7893000	215.7077
99.8938000	215.7078
99.9985000	215.2143
100.1030000	215.2144
100.2075000	215.2145
100.3121000	215.2146
100.4166000	215.2147
100.5211000	215.2147
100.6257000	215.2149
100.7302000	215.2150
100.8347000	215.2151
100.9393000	215.2152
101.0438000	215.2153
101.1482000	215.2154
101.2528000	215.2155
101.3574000	215.2157
101.4619000	215.2158
101.5664000	215.2159
101.6710000	215.2160
101.7755000	215.2161
101.8800000	215.2162
101.9845000	215.2163
102.0891000	215.2164
102.1938000	214.7229
102.2983000	214.7229
102.4028000	214.7231
102.5072000	214.7231
102.6118000	214.7233
102.7164000	214.7234
102.8209000	214.7235
102.9255000	214.7236
103.0300000	214.7237
103.1345000	214.7238
103.2389000	214.7239
103.3436000	214.7240
103.4481000	214.7241
103.5526000	214.7243
103.6572000	214.7244
103.7617000	214.7245
103.8662000	214.7246
103.9708000	214.7247
104.0753000	214.7248
104.1798000	214.7248
104.2843000	214.7250
104.3890000	214.2315
104.4935000	214.2316
104.5981000	214.2317
104.7026000	214.2318
104.8071000	214.2319
104.9117000	214.2320
105.0162000	214.2321
105.1207000	214.2322
105.2253000	214.2323
105.3298000	214.2324
105.4343000	214.2325
105.5388000	214.2326
105.6435000	213.7391
105.7480000	213.7391
105.8526000	213.7393
105.9571000	213.7393
106.0616000	213.7395
106.1662000	213.7396
106.2707000	213.7397
106.3752000	213.7398
106.4798000	213.7400
106.5843000	213.7401
106.6888000	213.7402
106.7933000	213.7403
106.8980000	213.2467
107.0025000	213.2468
107.1071000	213.2469
107.2116000	213.2469
107.3161000	213.2472
107.4207000	213.2473
107.5252000	213.2474
107.6297000	213.2475
107.7342000	213.2476
107.8388000	213.2477
107.9435000	212.7541
108.0480000	212.7542
108.1525000	212.7544
108.2570000	212.7545
108.3616000	212.7546
108.4661000	212.7547
108.5706000	212.7548
108.6752000	212.7549
108.7797000	212.7550
108.8841000	212.7551
108.9887000	212.7551
109.0933000	212.7553
109.1978000	212.7553
109.3025000	212.2619
109.4070000	212.2620
109.5114000	212.2621
109.6160000	212.2622
109.7206000	212.2623
109.8251000	212.2624
109.9297000	212.2625
110.0342000	212.2626
110.1387000	212.2627
110.2432000	212.2628
110.3477000	212.2630
110.4523000	212.2631
110.5568000	212.2631
110.6614000	212.2633
110.7659000	212.2634
110.8704000	212.2635
110.9750000	211.7699
111.0796000	211.7701
111.1842000	211.7702
111.2887000	211.7703
111.3932000	211.7704
111.4977000	211.7705
111.6023000	211.7706
111.7067000	211.7707
111.8113000	211.7708
111.9159000	211.7709
112.0204000	211.7710
112.1249000	211.7711
112.2295000	211.7711
112.3340000	211.7713
112.4385000	211.7713
112.5430000	211.7715
112.6476000	211.7717
112.7521000	211.7718
112.8566000	211.7719
112.9613000	211.2783
113.0658000	211.2784
113.1703000	211.2785
113.2749000	211.2787
113.3794000	211.2788
113.4839000	211.2789
113.5885000	211.2790
113.6930000	211.2791
113.7974000	211.2792
113.9021000	211.2793
114.0066000	211.2793
114.1111000	211.2795
114.2157000	211.2796
114.3202000	211.2797
114.4247000	211.2798
114.5292000	211.2799
114.6338000	211.2800
114.7384000	210.7865
114.8430000	210.7866
114.9475000	210.7867
115.0520000	210.7868
115.1566000	210.7869
115.2610000	210.7870
115.3656000	210.7871
115.4702000	210.7873
115.5747000	210.7873
115.6792000	210.7875
115.7837000	210.7875
115.8883000	210.7877
115.9928000	210.7877
116.0973000	210.7879
116.2019000	210.7880
116.3064000	210.7881
116.4109000	210.7882
116.5154000	210.7883
116.6200000	210.7884
116.7247000	210.2949
116.8292000	210.2950
116.9337000	210.2951
117.0382000	210.2952
117.1428000	210.2953
117.2473000	210.2953
117.3518000	210.2955
117.4564000	210.2955
117.5609000	210.2957
117.6654000	210.2959
117.7699000	210.2960
117.8745000	210.2961
117.9790000	210.2962
118.0835000	210.2963
118.1881000	210.2964
118.2926000	210.2965
118.3971000	210.2966
118.5017000	210.2967
118.6061000	210.2968
118.7107000	210.2969
118.8152000	210.2970
118.9198000	210.2971
119.0243000	210.2972
119.1288000	210.2974
119.2334000	210.2974
119.3378000	210.2976
119.4426000	209.8040
119.5471000	209.8041
119.6516000	209.8042
119.7562000	209.8043
119.8608000	209.3108
119.9654000	209.3109
