1.00000	27.841135
1.10000	30.346892
1.20000	32.808409
1.30000	35.226823
1.40000	37.603232
1.50000	39.938698
1.60000	42.234242
1.70000	44.490847
1.80000	46.708542
1.90000	48.890139
2.00000	51.035516
2.10000	53.145508
2.20000	55.220920
2.30000	57.262521
2.40000	59.271055
2.50000	61.247234
2.60000	63.191746
2.70000	65.104725
2.80000	66.987913
2.90000	68.841344
3.00000	70.665609
3.10000	72.461283
3.20000	74.228918
3.30000	75.969049
3.40000	77.682194
3.50000	79.368853
3.60000	81.029212
3.70000	82.664374
3.80000	84.274459
3.90000	85.859912
4.00000	87.421160
4.10000	88.958622
4.20000	90.472703
4.30000	91.963798
4.40000	93.432290
4.50000	94.878366
4.60000	96.302788
4.70000	97.705698
4.80000	99.087440
4.90000	100.448353
5.00000	101.788763
5.10000	103.108993
5.20000	104.409353
5.30000	105.690151
5.40000	106.951559
5.50000	108.194147
5.60000	109.418049
5.70000	110.623544
5.80000	111.810905
5.90000	112.980398
6.00000	114.132283
6.10000	115.266814
6.20000	116.384242
6.30000	117.484809
6.40000	118.568756
6.50000	119.636317
6.60000	120.687721
6.70000	121.723194
6.80000	122.742957
6.90000	123.747227
7.00000	124.736217
7.10000	125.710135
7.20000	126.669592
7.30000	127.614107
7.40000	128.544168
7.50000	129.459970
7.60000	130.361705
7.70000	131.249561
7.80000	132.123722
7.90000	132.984370
8.00000	133.831683
8.10000	134.665837
8.20000	135.487005
8.30000	136.295355
8.40000	137.091055
8.50000	137.874269
8.60000	138.645159
8.70000	139.403882
8.80000	140.150597
8.90000	140.885683
9.00000	141.608699
9.10000	142.320343
9.20000	143.020580
9.30000	143.709555
9.40000	144.387411
9.50000	145.054286
9.60000	145.710320
9.70000	146.355649
9.80000	146.990406
9.90000	147.614724
10.00000	148.228734
10.10000	148.832562
10.20000	149.426336
10.30000	150.010181
10.40000	150.584219
10.50000	151.148571
10.60000	151.703357
10.70000	152.248596
10.80000	152.784644
10.90000	153.311475
11.00000	153.829202
11.10000	154.337937
11.20000	154.837788
11.30000	155.328866
11.40000	155.811277
11.50000	156.285126
11.60000	156.750517
11.70000	157.207554
11.80000	157.656337
11.90000	158.096968
12.00000	158.529544
12.10000	158.954163
12.20000	159.370921
12.30000	159.779914
12.40000	160.182882
12.50000	160.574829
12.60000	160.961145
12.70000	161.341736
12.80000	161.711678
12.90000	162.076071
13.00000	162.433333
13.10000	162.783548
13.20000	163.126802
13.30000	163.463177
13.40000	163.792758
13.50000	164.115626
13.60000	164.431861
13.70000	164.741543
13.80000	165.044751
13.90000	165.341563
14.00000	165.632056
14.10000	165.916306
14.20000	166.194387
14.30000	166.466252
14.40000	166.732315
14.50000	166.992431
14.60000	167.246672
14.70000	167.495108
14.80000	167.737811
14.90000	167.974848
15.00000	168.206288
15.10000	168.432198
15.20000	168.653853
15.30000	168.867697
15.40000	169.077417
15.50000	169.281869
15.60000	169.481118
15.70000	169.675227
15.80000	169.864258
15.90000	170.048272
16.00000	170.227330
16.10000	170.401489
16.20000	170.570967
16.30000	170.735671
16.40000	170.895658
16.50000	171.050985
16.60000	171.201711
16.70000	171.347890
16.80000	171.489579
16.90000	171.626833
17.00000	171.759706
17.10000	171.888252
17.20000	172.012524
17.30000	172.132574
17.40000	172.248456
17.50000	172.360220
17.60000	172.467916
17.70000	172.571597
17.80000	172.671303
17.90000	172.767382
18.00000	172.859550
18.10000	172.947901
18.20000	173.032483
18.30000	173.113342
18.40000	173.190525
18.50000	173.264079
18.60000	173.334049
18.70000	173.400480
18.80000	173.463417
18.90000	173.522904
19.00000	173.578985
19.10000	173.631703
19.20000	173.681101
19.30000	173.727221
19.40000	173.770105
19.50000	173.809795
19.60000	173.846810
19.70000	173.880619
19.80000	173.911359
19.90000	173.939071
20.00000	173.963793
20.10000	173.985565
20.20000	174.004425
20.30000	174.020411
20.40000	174.033560
20.50000	174.043910
20.60000	174.051498
20.70000	174.056360
20.80000	174.058532
20.90000	174.058050
21.00000	174.054949
21.10000	174.049264
21.20000	174.041030
21.30000	174.030280
21.40000	174.018494
21.50000	174.003458
21.60000	173.986013
21.70000	173.966191
21.80000	173.944026
21.90000	173.919549
22.00000	173.892791
22.10000	173.863785
22.20000	173.832560
22.30000	173.799149
22.40000	173.763580
22.50000	173.725884
22.60000	173.686091
22.70000	173.644230
22.80000	173.600330
22.90000	173.554420
23.00000	173.506528
23.10000	173.456683
23.20000	173.408472
23.30000	173.355916
23.40000	173.301494
23.50000	173.245235
23.60000	173.187163
23.70000	173.127306
23.80000	173.065689
23.90000	173.002337
24.00000	172.937276
24.10000	172.870531
24.20000	172.802125
24.30000	172.732084
24.40000	172.660430
24.50000	172.587189
24.60000	172.512383
24.70000	172.436035
24.80000	172.358169
24.90000	172.278807
25.00000	172.206327
25.10000	172.126069
25.20000	172.044383
25.30000	171.961290
25.40000	171.876811
25.50000	171.790964
25.60000	171.703771
25.70000	171.615250
25.80000	171.525421
25.90000	171.434303
26.00000	171.341913
26.10000	171.248271
26.20000	171.153395
26.30000	171.057301
26.40000	170.960008
26.50000	170.861532
26.60000	170.761890
26.70000	170.677059
26.80000	170.579113
26.90000	170.480037
27.00000	170.379833
27.10000	170.278514
27.20000	170.176093
27.30000	170.072581
27.40000	169.967989
27.50000	169.862329
27.60000	169.755611
27.70000	169.647846
27.80000	169.539044
27.90000	169.429214
28.00000	169.318365
28.10000	169.206506
28.20000	169.102659
28.30000	169.000523
28.40000	168.897231
28.50000	168.791339
28.60000	168.683208
28.70000	168.573932
28.80000	168.463510
28.90000	168.351937
29.00000	168.239210
29.10000	168.125323
29.20000	168.010271
29.30000	167.894046
29.40000	167.776643
29.50000	167.658052
29.60000	167.549239
29.70000	167.448859
29.80000	167.346601
29.90000	167.242430
30.00000	167.136313
30.10000	167.028214
30.20000	166.918096
30.30000	166.788221
30.40000	166.672875
30.50000	166.560309
30.60000	166.448686
30.70000	166.338450
30.80000	166.227341
30.90000	166.122206
31.00000	166.016312
31.10000	165.911613
31.20000	165.809546
31.30000	165.710152
31.40000	165.612278
31.50000	165.502190
31.60000	165.390727
31.70000	165.280341
31.80000	165.174097
31.90000	165.071807
32.00000	164.976262
32.10000	164.878899
32.20000	164.780819
32.30000	164.684858
32.40000	164.589875
32.50000	164.496541
32.60000	164.404477
32.70000	164.314889
32.80000	164.226675
32.90000	164.139923
33.00000	164.056088
33.10000	163.974013
33.20000	163.894387
33.30000	163.816345
33.40000	163.742586
33.50000	163.670617
33.60000	163.601089
33.70000	163.535499
33.80000	163.473137
33.90000	163.414208
34.00000	163.357191
34.10000	163.307697
34.20000	163.260433
34.30000	163.217331
34.40000	163.179489
34.50000	163.147674
34.60000	163.120689
34.70000	163.096881
34.80000	163.084667
34.90000	163.076140
35.00000	163.075085
35.10000	163.080990
35.20000	163.098723
35.30000	163.123442
35.40000	163.154194
35.50000	163.203068
35.60000	163.258891
35.70000	163.300772
35.80000	163.326131
35.90000	163.286406
36.00000	163.230037
36.10000	163.151762
36.20000	163.020508
36.30000	162.862094
36.40000	162.668284
36.50000	162.461724
36.60000	162.180919
36.70000	161.886266
36.80000	161.562344
36.90000	161.190772
37.00000	160.777735
37.10000	160.328490
37.20000	159.866076
37.30000	159.307678
37.40000	158.741265
37.50000	158.161112
37.60000	157.596426
37.70000	157.054897
37.80000	156.523128
37.90000	155.995453
38.00000	155.496598
38.10000	155.001283
38.20000	154.518559
38.30000	154.042188
38.40000	153.584683
38.50000	153.131870
38.60000	152.683253
38.70000	152.251403
38.80000	151.823927
38.90000	151.405672
39.00000	150.989607
39.10000	150.589718
39.20000	150.191842
39.30000	149.798098
39.40000	149.414401
39.50000	149.036135
39.60000	148.663604
39.70000	148.291619
39.80000	147.934025
39.90000	147.576855
40.00000	147.223741
40.10000	146.876559
40.20000	146.535373
40.30000	146.197743
40.40000	145.860455
40.50000	145.534640
40.60000	145.209084
40.70000	144.887502
40.80000	144.569145
40.90000	144.257116
41.00000	143.937780
41.10000	143.612816
41.20000	143.309013
41.30000	143.009184
41.40000	142.720857
41.50000	142.437921
41.60000	142.173216
41.70000	141.913430
41.80000	141.659154
41.90000	141.354810
42.00000	141.049890
42.10000	140.754142
42.20000	140.460683
42.30000	140.185872
42.40000	139.913421
42.50000	139.646664
42.60000	139.391428
42.70000	139.144185
42.80000	138.887105
42.90000	138.640814
43.00000	138.392887
43.10000	138.143317
43.20000	137.892097
43.30000	137.639218
43.40000	137.384673
43.50000	137.128454
43.60000	136.848232
43.70000	136.626499
43.80000	136.403438
43.90000	136.179047
44.00000	135.953319
44.10000	135.726251
44.20000	135.497837
44.30000	135.268074
44.40000	135.036956
44.50000	134.804440
44.60000	134.579016
44.70000	134.356755
44.80000	134.136087
44.90000	133.916985
45.00000	133.699423
45.10000	133.483378
45.20000	133.268825
45.30000	133.055741
45.40000	132.844104
45.50000	132.633890
45.60000	132.425079
45.70000	132.217650
45.80000	132.011582
45.90000	131.806854
46.00000	131.603449
46.10000	131.401346
46.20000	131.200527
46.30000	131.000974
46.40000	130.802669
46.50000	130.605595
46.60000	130.409735
46.70000	130.215073
46.80000	130.021593
46.90000	129.829278
47.00000	129.638113
47.10000	129.448084
47.20000	129.259176
47.30000	129.071374
47.40000	128.884663
47.50000	128.699031
47.60000	128.514464
47.70000	128.330949
47.80000	128.148472
47.90000	127.967021
48.00000	127.786583
48.10000	127.607147
48.20000	127.428701
48.30000	127.251232
48.40000	127.074729
48.50000	126.899181
48.60000	126.724578
48.70000	126.550907
48.80000	126.378159
48.90000	126.206324
49.00000	126.035390
49.10000	125.865348
49.20000	125.696189
49.30000	125.527901
49.40000	125.360477
49.50000	125.193907
49.60000	125.028181
49.70000	124.863290
49.80000	124.699226
49.90000	124.535981
50.00000	124.373545
50.10000	124.211910
50.20000	124.051068
50.30000	123.891010
50.40000	123.731730
50.50000	123.573219
50.60000	123.415469
50.70000	123.258473
50.80000	123.102223
50.90000	122.946713
51.00000	122.791934
51.10000	122.637880
51.20000	122.484544
51.30000	122.331919
51.40000	122.179998
51.50000	122.028774
51.60000	121.878242
51.70000	121.728394
51.80000	121.579224
51.90000	121.430726
52.00000	121.282894
52.10000	121.135722
52.20000	120.989203
52.30000	120.843333
52.40000	120.698104
52.50000	120.553511
52.60000	120.409550
52.70000	120.266213
52.80000	120.123497
52.90000	119.981394
53.00000	119.839900
53.10000	119.699011
53.20000	119.558719
53.30000	119.419022
53.40000	119.279912
53.50000	119.141386
53.60000	119.003439
53.70000	118.866066
53.80000	118.729261
53.90000	118.593021
54.00000	118.457340
54.10000	118.322215
54.20000	118.187640
54.30000	118.053612
54.40000	117.920125
54.50000	117.787175
54.60000	117.654759
54.70000	117.522871
54.80000	117.391509
54.90000	117.260667
55.00000	117.130341
55.10000	117.000528
55.20000	116.871224
55.30000	116.742424
55.40000	116.614125
55.50000	116.486324
55.60000	116.359015
55.70000	116.232196
55.80000	116.105862
55.90000	115.980011
56.00000	115.854638
56.10000	115.729741
56.20000	115.605315
56.30000	115.481357
56.40000	115.357863
56.50000	115.234831
56.60000	115.112257
56.70000	114.990137
56.80000	114.868468
56.90000	114.747248
57.00000	114.626472
57.10000	114.506139
57.20000	114.386243
57.30000	114.266784
57.40000	114.147756
57.50000	114.029159
57.60000	113.910987
57.70000	113.793239
57.80000	113.675912
57.90000	113.559002
58.00000	113.442508
58.10000	113.326425
58.20000	113.210751
58.30000	113.095484
58.40000	112.980620
58.50000	112.866158
58.60000	112.752094
58.70000	112.638425
58.80000	112.525150
58.90000	112.412265
59.00000	112.299767
59.10000	112.187656
59.20000	112.075927
59.30000	111.964578
59.40000	111.853607
59.50000	111.743012
59.60000	111.632789
59.70000	111.522937
59.80000	111.413454
59.90000	111.304336
60.00000	111.195582
60.10000	111.087189
60.20000	110.979156
60.30000	110.871479
60.40000	110.764156
60.50000	110.657186
60.60000	110.550566
60.70000	110.444295
60.80000	110.338368
60.90000	110.232786
61.00000	110.127545
61.10000	110.022644
61.20000	109.918081
61.30000	109.813852
61.40000	109.709957
61.50000	109.606394
61.60000	109.503160
61.70000	109.400254
61.80000	109.297673
61.90000	109.195415
62.00000	109.093479
62.10000	108.991863
62.20000	108.890565
62.30000	108.789583
62.40000	108.688915
62.50000	108.588560
62.60000	108.488515
62.70000	108.388779
62.80000	108.289349
62.90000	108.190225
63.00000	108.091405
63.10000	107.992886
63.20000	107.894667
63.30000	107.796747
63.40000	107.699123
63.50000	107.601794
63.60000	107.504759
63.70000	107.408015
63.80000	107.311561
63.90000	107.215396
64.00000	107.119518
64.10000	107.023924
64.20000	106.928615
64.30000	106.833587
64.40000	106.738840
64.50000	106.644372
64.60000	106.550182
64.70000	106.456268
64.80000	106.362628
64.90000	106.269261
65.00000	106.176166
65.10000	106.083341
65.20000	105.990784
65.30000	105.898495
65.40000	105.806472
65.50000	105.714713
65.60000	105.623216
65.70000	105.531982
65.80000	105.441008
65.90000	105.350292
66.00000	105.259835
66.10000	105.169633
66.20000	105.079686
66.30000	104.989993
66.40000	104.900552
66.50000	104.811361
66.60000	104.722421
66.70000	104.633728
66.80000	104.545283
66.90000	104.457084
67.00000	104.369129
67.10000	104.281417
67.20000	104.193948
67.30000	104.106719
67.40000	104.019730
67.50000	103.932980
67.60000	103.846466
67.70000	103.760189
67.80000	103.674147
67.90000	103.588338
68.00000	103.502762
68.10000	103.417417
68.20000	103.332303
68.30000	103.247417
68.40000	103.162760
68.50000	103.078330
68.60000	102.994125
68.70000	102.910145
68.80000	102.826389
68.90000	102.742855
69.00000	102.659543
69.10000	102.576451
69.20000	102.493578
69.30000	102.410924
69.40000	102.328487
69.50000	102.246266
69.60000	102.164260
69.70000	102.082468
69.80000	102.000890
69.90000	101.919523
70.00000	101.838368
70.10000	101.757423
70.20000	101.676687
70.30000	101.596159
70.40000	101.515838
70.50000	101.435724
70.60000	101.355815
70.70000	101.276110
70.80000	101.196608
70.90000	101.117309
71.00000	101.038212
71.10000	100.959315
71.20000	100.880618
71.30000	100.802119
71.40000	100.723818
71.50000	100.645715
71.60000	100.567807
71.70000	100.490094
71.80000	100.412576
71.90000	100.335251
72.00000	100.258119
72.10000	100.181179
72.20000	100.104429
72.30000	100.027869
72.40000	99.951498
72.50000	99.875316
72.60000	99.799321
72.70000	99.723513
72.80000	99.647890
72.90000	99.572453
73.00000	99.497200
73.10000	99.422130
73.20000	99.347242
73.30000	99.272537
73.40000	99.198012
73.50000	99.123667
73.60000	99.049502
73.70000	98.975516
73.80000	98.901707
73.90000	98.828076
74.00000	98.754621
74.10000	98.681341
74.20000	98.608236
74.30000	98.535306
74.40000	98.462548
74.50000	98.389964
74.60000	98.317551
74.70000	98.245309
74.80000	98.173238
74.90000	98.101336
75.00000	98.029603
75.10000	97.958039
75.20000	97.886642
75.30000	97.815412
75.40000	97.744349
75.50000	97.673450
75.60000	97.602717
75.70000	97.532148
75.80000	97.461742
75.90000	97.391499
76.00000	97.321417
76.10000	97.251498
76.20000	97.181739
76.30000	97.112140
76.40000	97.042701
76.50000	96.973420
76.60000	96.904298
76.70000	96.835333
76.80000	96.766525
76.90000	96.697873
77.00000	96.629377
77.10000	96.561036
77.20000	96.492849
77.30000	96.424816
77.40000	96.356936
77.50000	96.289208
77.60000	96.221633
77.70000	96.154208
77.80000	96.086935
77.90000	96.019811
78.00000	95.952837
78.10000	95.886012
78.20000	95.819335
78.30000	95.752806
78.40000	95.686425
78.50000	95.620189
78.60000	95.554100
78.70000	95.488156
78.80000	95.422357
78.90000	95.356702
79.00000	95.291191
79.10000	95.225824
79.20000	95.160599
79.30000	95.095516
79.40000	95.030574
79.50000	94.965774
79.60000	94.901113
79.70000	94.836593
79.80000	94.772213
79.90000	94.707971
80.00000	94.643867
80.10000	94.579901
80.20000	94.516073
80.30000	94.452381
80.40000	94.388825
80.50000	94.325405
80.60000	94.262121
80.70000	94.198971
80.80000	94.135955
80.90000	94.073073
81.00000	94.010324
81.10000	93.947708
81.20000	93.885224
81.30000	93.822871
81.40000	93.760650
81.50000	93.698560
81.60000	93.636599
81.70000	93.574769
81.80000	93.513068
81.90000	93.451495
82.00000	93.390051
82.10000	93.328735
82.20000	93.267547
82.30000	93.206485
82.40000	93.145549
82.50000	93.084740
82.60000	93.024056
82.70000	92.963497
82.80000	92.903063
82.90000	92.842753
83.00000	92.782567
83.10000	92.722504
83.20000	92.662564
83.30000	92.602746
83.40000	92.543050
83.50000	92.483476
83.60000	92.424023
83.70000	92.364691
83.80000	92.305478
83.90000	92.246386
84.00000	92.187413
84.10000	92.128559
84.20000	92.069823
84.30000	92.011206
84.40000	91.952706
84.50000	91.894323
84.60000	91.836058
84.70000	91.777909
84.80000	91.719875
84.90000	91.661958
85.00000	91.604156
85.10000	91.546468
85.20000	91.488895
85.30000	91.431436
85.40000	91.374091
85.50000	91.316859
85.60000	91.259740
85.70000	91.202733
85.80000	91.145838
85.90000	91.089055
86.00000	91.032384
86.10000	90.975823
86.20000	90.919373
86.30000	90.863033
86.40000	90.806803
86.50000	90.750682
86.60000	90.694670
86.70000	90.638767
86.80000	90.582973
86.90000	90.527286
87.00000	90.471707
87.10000	90.416235
87.20000	90.360869
87.30000	90.305611
87.40000	90.250458
87.50000	90.195411
87.60000	90.140470
87.70000	90.085634
87.80000	90.030902
87.90000	89.976275
88.00000	89.921752
88.10000	89.867333
88.20000	89.813017
88.30000	89.758803
88.40000	89.704693
88.50000	89.650685
88.60000	89.596779
88.70000	89.542974
88.80000	89.489271
88.90000	89.435669
89.00000	89.382167
89.10000	89.328766
89.20000	89.275464
89.30000	89.222263
89.40000	89.169160
89.50000	89.116157
89.60000	89.063252
89.70000	89.010446
89.80000	88.957738
89.90000	88.905127
90.00000	88.852614
90.10000	88.800198
90.20000	88.747879
90.30000	88.695657
90.40000	88.643530
90.50000	88.591499
90.60000	88.539564
90.70000	88.487724
90.80000	88.435980
90.90000	88.384329
91.00000	88.332773
91.10000	88.281312
91.20000	88.229943
91.30000	88.178669
91.40000	88.127487
91.50000	88.076399
91.60000	88.025402
91.70000	87.974499
91.80000	87.923687
91.90000	87.872967
92.00000	87.822338
92.10000	87.771800
92.20000	87.721353
92.30000	87.670997
92.40000	87.620731
92.50000	87.570555
92.60000	87.520469
92.70000	87.470472
92.80000	87.420565
92.90000	87.370746
93.00000	87.321016
93.10000	87.271374
93.20000	87.221820
93.30000	87.172354
93.40000	87.122975
93.50000	87.073684
93.60000	87.024480
93.70000	86.975362
93.80000	86.926331
93.90000	86.877386
94.00000	86.828527
94.10000	86.779754
94.20000	86.731066
94.30000	86.682463
94.40000	86.633945
94.50000	86.585512
94.60000	86.537163
94.70000	86.488898
94.80000	86.440717
94.90000	86.392620
95.00000	86.344606
95.10000	86.296675
95.20000	86.248827
95.30000	86.201062
95.40000	86.153379
95.50000	86.105778
95.60000	86.058259
95.70000	86.010822
95.80000	85.963466
95.90000	85.916191
96.00000	85.868997
96.10000	85.821883
96.20000	85.774851
96.30000	85.727898
96.40000	85.681025
96.50000	85.634232
96.60000	85.587519
96.70000	85.540885
96.80000	85.494329
96.90000	85.447853
97.00000	85.401455
97.10000	85.355135
97.20000	85.308894
97.30000	85.262730
97.40000	85.216644
97.50000	85.170636
97.60000	85.124705
97.70000	85.078850
97.80000	85.033073
97.90000	84.987371
98.00000	84.941747
98.10000	84.896198
98.20000	84.850725
98.30000	84.805328
98.40000	84.760006
98.50000	84.714760
98.60000	84.669588
98.70000	84.624491
98.80000	84.579469
98.90000	84.534521
99.00000	84.489648
99.10000	84.444848
99.20000	84.400122
99.30000	84.355469
99.40000	84.310890
99.50000	84.266384
99.60000	84.221951
99.70000	84.177590
99.80000	84.133302
99.90000	84.089086
100.00000	84.044943
100.10000	84.000871
100.20000	83.956871
100.30000	83.912942
100.40000	83.869084
100.50000	83.825298
100.60000	83.781583
100.70000	83.737938
100.80000	83.694363
100.90000	83.650859
101.00000	83.607425
101.10000	83.564061
101.20000	83.520767
101.30000	83.477542
101.40000	83.434386
101.50000	83.391300
101.60000	83.348282
101.70000	83.305333
101.80000	83.262453
101.90000	83.219641
102.00000	83.176898
102.10000	83.134222
102.20000	83.091614
102.30000	83.049074
102.40000	83.006601
102.50000	82.964195
102.60000	82.921856
102.70000	82.879585
102.80000	82.837380
102.90000	82.795241
103.00000	82.753169
103.10000	82.711163
103.20000	82.669223
103.30000	82.627349
103.40000	82.585540
103.50000	82.543797
103.60000	82.502119
103.70000	82.460507
103.80000	82.418959
103.90000	82.377476
104.00000	82.336057
104.10000	82.294703
104.20000	82.253413
104.30000	82.212187
104.40000	82.171025
104.50000	82.129927
104.60000	82.088892
104.70000	82.047921
104.80000	82.007013
104.90000	81.966168
105.00000	81.925385
105.10000	81.884666
105.20000	81.844009
105.30000	81.803414
105.40000	81.762882
105.50000	81.722412
105.60000	81.682003
105.70000	81.641657
105.80000	81.601371
105.90000	81.561148
106.00000	81.520985
106.10000	81.480884
106.20000	81.440843
106.30000	81.400863
106.40000	81.360944
106.50000	81.321086
106.60000	81.281287
106.70000	81.241549
106.80000	81.201871
106.90000	81.162252
107.00000	81.122693
107.10000	81.083194
107.20000	81.043754
107.30000	81.004373
107.40000	80.965051
107.50000	80.925789
107.60000	80.886585
107.70000	80.847439
107.80000	80.808352
107.90000	80.769323
108.00000	80.730353
108.10000	80.691440
108.20000	80.652586
108.30000	80.613789
108.40000	80.575049
108.50000	80.536367
108.60000	80.497742
108.70000	80.459175
108.80000	80.420664
108.90000	80.382210
109.00000	80.343813
109.10000	80.305473
109.20000	80.267188
109.30000	80.228960
109.40000	80.190789
109.50000	80.152673
109.60000	80.114613
109.70000	80.076608
109.80000	80.038660
109.90000	80.000766
110.00000	79.962928
110.10000	79.925145
110.20000	79.887418
110.30000	79.849744
110.40000	79.812126
110.50000	79.774562
110.60000	79.737053
110.70000	79.699598
110.80000	79.662197
110.90000	79.624851
111.00000	79.587558
111.10000	79.550319
111.20000	79.513134
111.30000	79.476002
111.40000	79.438923
111.50000	79.401898
111.60000	79.364926
111.70000	79.328007
111.80000	79.291141
111.90000	79.254328
112.00000	79.217567
112.10000	79.180858
112.20000	79.144202
112.30000	79.107599
112.40000	79.071047
112.50000	79.034547
112.60000	78.998100
112.70000	78.961703
112.80000	78.925359
112.90000	78.889066
113.00000	78.852824
113.10000	78.816634
113.20000	78.780494
113.30000	78.744406
113.40000	78.708368
113.50000	78.672381
113.60000	78.636445
113.70000	78.600559
113.80000	78.564724
113.90000	78.528938
114.00000	78.493203
114.10000	78.457518
114.20000	78.421883
114.30000	78.386298
114.40000	78.350762
114.50000	78.315276
114.60000	78.279839
114.70000	78.244451
114.80000	78.209113
114.90000	78.173824
115.00000	78.138583
115.10000	78.103392
115.20000	78.068249
115.30000	78.033154
115.40000	77.998109
115.50000	77.963111
115.60000	77.928162
115.70000	77.893261
115.80000	77.858408
115.90000	77.823603
116.00000	77.788846
116.10000	77.754136
116.20000	77.719474
116.30000	77.684859
116.40000	77.650292
116.50000	77.615772
116.60000	77.581299
116.70000	77.546873
116.80000	77.512494
116.90000	77.478162
117.00000	77.443877
117.10000	77.409638
117.20000	77.375446
117.30000	77.341300
117.40000	77.307200
117.50000	77.273146
117.60000	77.239139
117.70000	77.205177
117.80000	77.171261
117.90000	77.137391
118.00000	77.103567
118.10000	77.069788
118.20000	77.036054
118.30000	77.002366
118.40000	76.968723
118.50000	76.935125
118.60000	76.901573
118.70000	76.868065
118.80000	76.834601
118.90000	76.801183
119.00000	76.767809
119.10000	76.734480
119.20000	76.701195
119.30000	76.667954
119.40000	76.634758
119.50000	76.601605
119.60000	76.568497
119.70000	76.535432
119.80000	76.502411
119.90000	76.469434
120.00000	76.436501
